filename,stop,affricate,fricative,liquid,glide,nasal
1H4_Archbishop,0.3,0.00980392156863,0.301960784314,0.143137254902,0.0509803921569,0.194117647059
1H4_Bardolph,0.27345844504,0.0187667560322,0.27345844504,0.14745308311,0.088471849866,0.198391420912
1H4_Bedford,0.325396825397,0.015873015873,0.301587301587,0.150793650794,0.0714285714286,0.134920634921
1H4_Blunt,0.318027210884,0.0255102040816,0.302721088435,0.137755102041,0.0493197278912,0.166666666667
1H4_Chamberlain,0.294545454545,0.00727272727273,0.28,0.167272727273,0.0618181818182,0.189090909091
1H4_DRAWERS.Francis,0.321100917431,0.00917431192661,0.220183486239,0.220183486239,0.045871559633,0.183486238532
1H4_Douglas,0.300469483568,0.0093896713615,0.305164319249,0.153364632238,0.0532081377152,0.178403755869
1H4_Falstaff,0.307328853423,0.0119697606048,0.294414111718,0.144687106258,0.0509239815204,0.190676186476
1H4_Gadshill,0.289950576606,0.0164744645799,0.299835255354,0.135090609555,0.0444810543657,0.214168039539
1H4_Glendower,0.286084701815,0.0112359550562,0.292134831461,0.146931719965,0.0656871218669,0.197925669836
1H4_HenryIV,0.289335153051,0.0202768570872,0.306492493663,0.150321700136,0.0522519009554,0.181321895106
1H4_HenryV,0.294781207388,0.0147514565514,0.303334572952,0.154332465601,0.0550390479732,0.177761249535
1H4_Hotspur,0.301831501832,0.0142857142857,0.292551892552,0.143956043956,0.0526251526252,0.19474969475
1H4_LadyPercy,0.277707006369,0.0152866242038,0.313375796178,0.143949044586,0.0611464968153,0.188535031847
1H4_MESSENGERS.1,0.153846153846,0.0,0.230769230769,0.461538461538,0.0769230769231,0.0769230769231
1H4_MESSENGERS.2,0.352941176471,0.0,0.176470588235,0.235294117647,0.0,0.235294117647
1H4_MESSENGERS.X,0.252525252525,0.020202020202,0.373737373737,0.171717171717,0.020202020202,0.161616161616
1H4_MistressQuickly,0.248847926267,0.0215053763441,0.319508448541,0.127496159754,0.062980030722,0.219662058372
1H4_Mortimer,0.298474945534,0.0196078431373,0.291938997821,0.130718954248,0.0599128540305,0.199346405229
1H4_Northumberland,0.309392265193,0.0110497237569,0.292817679558,0.146408839779,0.0580110497238,0.182320441989
1H4_Ostler,0,0,0,0,0,0
1H4_Peto,0.40127388535,0.00636942675159,0.242038216561,0.0955414012739,0.0573248407643,0.197452229299
1H4_Poins,0.259606373008,0.0243673851921,0.331771321462,0.167760074977,0.0656044985942,0.150890346767
1H4_SERVANTS.HOTSPUR.1,0.233333333333,0.0,0.233333333333,0.266666666667,0.0333333333333,0.233333333333
1H4_Sheriff,0.284552845528,0.00813008130081,0.227642276423,0.219512195122,0.0325203252033,0.227642276423
1H4_SirMichael,0.324074074074,0.00925925925926,0.194444444444,0.240740740741,0.0462962962963,0.185185185185
1H4_TRAVELERS.CARRIERS,0.142857142857,0.142857142857,0.571428571429,0.142857142857,0.0,0.0
1H4_TRAVELERS.CARRIERS.1,0.354716981132,0.0150943396226,0.298113207547,0.101886792453,0.0377358490566,0.192452830189
1H4_TRAVELERS.CARRIERS.2,0.285714285714,0.0357142857143,0.269841269841,0.15873015873,0.047619047619,0.202380952381
1H4_TRAVELERS.CARRIERS.X,0.5,0.0,0.5,0.0,0.0,0.0
1H4_TRAVELERS.GENTLEMEN,0.2,0.05,0.4,0.1,0.1,0.15
1H4_TRAVELERS.GENTLEMEN.0.1,0.245283018868,0.0188679245283,0.339622641509,0.169811320755,0.0943396226415,0.132075471698
1H4_Vernon,0.290322580645,0.0204301075269,0.282795698925,0.160215053763,0.0559139784946,0.190322580645
1H4_Vintner,0.259259259259,0.037037037037,0.277777777778,0.203703703704,0.0555555555556,0.166666666667
1H4_Westmoreland,0.286206896552,0.0293103448276,0.293103448276,0.151724137931,0.0620689655172,0.177586206897
1H4_Worcester,0.30771917569,0.0164163464897,0.294446384911,0.139713587146,0.0621725462801,0.179531959483
1H6_Alanson,0.2828854314,0.019801980198,0.312588401697,0.185289957567,0.041018387553,0.158415841584
1H6_Basset,0.282051282051,0.0205128205128,0.3,0.161538461538,0.0512820512821,0.184615384615
1H6_Bastard,0.27816091954,0.0229885057471,0.347126436782,0.144827586207,0.0574712643678,0.149425287356
1H6_Bedford,0.264705882353,0.0171568627451,0.325980392157,0.174836601307,0.047385620915,0.169934640523
1H6_Boy,0.25,0.0192307692308,0.288461538462,0.115384615385,0.0769230769231,0.25
1H6_Burgundy,0.296240601504,0.0105263157895,0.294736842105,0.157894736842,0.0541353383459,0.186466165414
1H6_CardinalBeaufort,0.306834030683,0.0195258019526,0.304044630404,0.154811715481,0.0460251046025,0.168758716876
1H6_Charles,0.281281281281,0.013013013013,0.322822822823,0.153653653654,0.049049049049,0.18018018018
1H6_Countess,0.272727272727,0.0161290322581,0.351906158358,0.139296187683,0.0381231671554,0.181818181818
1H6_Exeter,0.279457768509,0.0177267987487,0.311783107404,0.160583941606,0.0615224191867,0.168925964546
1H6_Fastolf,0.285714285714,0.0,0.314285714286,0.2,0.0666666666667,0.133333333333
1H6_Gargrave,0.216216216216,0.0,0.324324324324,0.216216216216,0.027027027027,0.216216216216
1H6_General,0.285012285012,0.014742014742,0.324324324324,0.176904176904,0.031941031941,0.167076167076
1H6_Glansdale,0.333333333333,0.0666666666667,0.266666666667,0.2,0.0666666666667,0.0666666666667
1H6_Gloucester,0.305449496703,0.0215203054495,0.301631377994,0.158972578966,0.0461645262062,0.166261714682
1H6_HenryVI,0.298319327731,0.0175070028011,0.280112044818,0.168067226891,0.061974789916,0.174019607843
1H6_JAILERS.0.1,0.258064516129,0.0322580645161,0.177419354839,0.177419354839,0.0967741935484,0.258064516129
1H6_JohnTalbot,0.287061994609,0.00808625336927,0.283018867925,0.167115902965,0.0700808625337,0.184636118598
1H6_Lawyer,0.28,0.0,0.22,0.18,0.1,0.22
1H6_Legate,0.272727272727,0.0,0.0909090909091,0.272727272727,0.181818181818,0.181818181818
1H6_Lucy,0.298985167838,0.0140515222482,0.302888368462,0.185792349727,0.0507416081187,0.147540983607
1H6_MESSENGERS.ENGLISH.1,0.305882352941,0.0156862745098,0.262745098039,0.156862745098,0.0941176470588,0.164705882353
1H6_MESSENGERS.ENGLISH.2,0.336633663366,0.019801980198,0.366336633663,0.128712871287,0.029702970297,0.118811881188
1H6_MESSENGERS.ENGLISH.3,0.299319727891,0.0190476190476,0.307482993197,0.16462585034,0.0448979591837,0.16462585034
1H6_MESSENGERS.ENGLISH.X.1,0.245901639344,0.0655737704918,0.295081967213,0.180327868852,0.0491803278689,0.16393442623
1H6_MESSENGERS.ENGLISH.X.2,0.340425531915,0.0531914893617,0.223404255319,0.170212765957,0.063829787234,0.148936170213
1H6_MESSENGERS.FRENCH.1,0.301886792453,0.0235849056604,0.278301886792,0.231132075472,0.0424528301887,0.122641509434
1H6_MasterGunner,0.287401574803,0.0236220472441,0.350393700787,0.0984251968504,0.0433070866142,0.196850393701
1H6_Mayor,0.342342342342,0.012012012012,0.285285285285,0.165165165165,0.036036036036,0.159159159159
1H6_Mortimer,0.291515591008,0.0145032632342,0.303843364757,0.142857142857,0.0485859318347,0.198694706309
1H6_OFFICERS.0.1,0.287128712871,0.019801980198,0.217821782178,0.168316831683,0.0693069306931,0.237623762376
1H6_Porter,0.2,0.0,0.0,0.2,0.2,0.4
1H6_Pucelle,0.303129732458,0.0206966178698,0.295053003534,0.153205451792,0.0545179202423,0.173397274104
1H6_QueenMargaret,0.301075268817,0.010752688172,0.288172043011,0.124731182796,0.0752688172043,0.2
1H6_Reignier,0.290868094701,0.0157835400225,0.285231116122,0.153325817362,0.0574971815107,0.197294250282
1H6_SERVANTS.1,0.333333333333,0.0833333333333,0.25,0.0833333333333,0.0,0.25
1H6_SERVANTS.2,0.2,0.0,0.2,0.2,0.2,0.2
1H6_SERVANTS.3,0.266666666667,0.0,0.333333333333,0.133333333333,0.133333333333,0.133333333333
1H6_SERVANTS.GLOUCESTER,0.435897435897,0.0,0.179487179487,0.153846153846,0.0769230769231,0.153846153846
1H6_SERVANTS.GLOUCESTER.0.1,0.390243902439,0.0,0.219512195122,0.19512195122,0.0853658536585,0.109756097561
1H6_SERVANTS.GLOUCESTER.0.2,0.34,0.0266666666667,0.233333333333,0.16,0.0733333333333,0.166666666667
1H6_SERVANTS.TALBOT.1,0.176470588235,0.0,0.117647058824,0.411764705882,0.117647058824,0.176470588235
1H6_SERVANTS.WINCHESTER.0.1,0.266666666667,0.0222222222222,0.288888888889,0.177777777778,0.111111111111,0.133333333333
1H6_SOLDIERS.ENGLISH.0.1,0.357142857143,0.0,0.0,0.285714285714,0.0,0.357142857143
1H6_SOLDIERS.ENGLISH.1,0.27868852459,0.0,0.360655737705,0.147540983607,0.0655737704918,0.147540983607
1H6_SOLDIERS.ENGLISH.Captain,0.232558139535,0.0697674418605,0.232558139535,0.232558139535,0.116279069767,0.116279069767
1H6_SOLDIERS.ENGLISH.SOMERSET.0.1,0.0689655172414,0.0,0.48275862069,0.241379310345,0.103448275862,0.103448275862
1H6_SOLDIERS.FRENCH.PUCELLE.0.1,0.263157894737,0.0,0.289473684211,0.236842105263,0.0526315789474,0.157894736842
1H6_SOLDIERS.FRENCH.Scout,0.329113924051,0.0253164556962,0.253164556962,0.113924050633,0.0506329113924,0.227848101266
1H6_SOLDIERS.FRENCH.Sergeant,0.27868852459,0.0491803278689,0.27868852459,0.196721311475,0.0491803278689,0.147540983607
1H6_Salisbury,0.305555555556,0.0231481481481,0.259259259259,0.152777777778,0.0787037037037,0.180555555556
1H6_Shepherd,0.316568047337,0.0207100591716,0.316568047337,0.130177514793,0.0414201183432,0.174556213018
1H6_Somerset,0.307086614173,0.0157480314961,0.278543307087,0.161417322835,0.0669291338583,0.170275590551
1H6_Suffolk,0.298069498069,0.0158301158301,0.290347490347,0.14555984556,0.0571428571429,0.19305019305
1H6_Talbot,0.3030692592,0.018640527077,0.300337457818,0.154909207778,0.0496545074723,0.173389040656
1H6_Vernon,0.28285077951,0.00668151447661,0.293986636971,0.15144766147,0.0668151447661,0.198218262806
1H6_WARDERS.1,0.225,0.0,0.35,0.15,0.125,0.15
1H6_WARDERS.2,0.4,0.0,0.1,0.1,0.1,0.3
1H6_WATCHMEN.1,0.298507462687,0.0298507462687,0.208955223881,0.194029850746,0.0597014925373,0.208955223881
1H6_Warwick,0.335403726708,0.0230700976043,0.273291925466,0.16149068323,0.0638864241349,0.142857142857
1H6_Watchman,0.352941176471,0.0,0.117647058824,0.235294117647,0.0588235294118,0.235294117647
1H6_Woodville,0.270588235294,0.0117647058824,0.329411764706,0.117647058824,0.0470588235294,0.223529411765
1H6_York,0.289682539683,0.018759018759,0.300505050505,0.152958152958,0.0555555555556,0.18253968254
2H4_Archbishop,0.296629213483,0.0143820224719,0.301573033708,0.151460674157,0.0485393258427,0.187415730337
2H4_BEADLES.0.1,0.292307692308,0.0230769230769,0.292307692308,0.130769230769,0.0769230769231,0.184615384615
2H4_Bardolph,0.343065693431,0.0237226277372,0.242700729927,0.13503649635,0.0784671532847,0.17700729927
2H4_Bedford,0.29520295203,0.010455104551,0.311193111931,0.147601476015,0.0664206642066,0.169126691267
2H4_Bullcalf,0.305,0.015,0.265,0.18,0.03,0.205
2H4_ChiefJustice,0.293376865672,0.0186567164179,0.272388059701,0.143190298507,0.0900186567164,0.182369402985
2H4_Chorus,0.286178861789,0.0162601626016,0.307317073171,0.151219512195,0.0487804878049,0.190243902439
2H4_Clarence,0.277108433735,0.0240963855422,0.298192771084,0.159638554217,0.0632530120482,0.177710843373
2H4_Colevile,0.254901960784,0.0196078431373,0.294117647059,0.147058823529,0.0588235294118,0.225490196078
2H4_DRAWERS.1,0.3125,0.015625,0.328125,0.140625,0.046875,0.15625
2H4_DRAWERS.Francis,0.281553398058,0.0194174757282,0.330097087379,0.106796116505,0.0582524271845,0.203883495146
2H4_DRAWERS.Will,0.333333333333,0.0333333333333,0.233333333333,0.133333333333,0.05,0.216666666667
2H4_DRAWERS.X,0.352941176471,0.0588235294118,0.176470588235,0.0588235294118,0.176470588235,0.176470588235
2H4_Davy,0.274319066148,0.00972762645914,0.322957198444,0.126459143969,0.0933852140078,0.173151750973
2H4_DollTearsheet,0.290467625899,0.0242805755396,0.27428057554,0.146582733813,0.0890287769784,0.17535971223
2H4_Epilogue,0.305921052632,0.0263157894737,0.220394736842,0.129934210526,0.0970394736842,0.220394736842
2H4_Falstaff,0.299496981891,0.0144869215292,0.298289738431,0.141951710262,0.0593561368209,0.186418511066
2H4_Feeble,0.317880794702,0.00662251655629,0.258278145695,0.12582781457,0.0860927152318,0.205298013245
2H4_GROOMS.1,0.277777777778,0.0555555555556,0.277777777778,0.222222222222,0.0,0.166666666667
2H4_GROOMS.2,0.375,0.0,0.375,0.0625,0.0625,0.125
2H4_Gloucester,0.2625,0.0291666666667,0.295833333333,0.154166666667,0.0541666666667,0.204166666667
2H4_Harcourt,0.298387096774,0.0161290322581,0.306451612903,0.153225806452,0.0564516129032,0.16935483871
2H4_Hastings,0.290887850467,0.0198598130841,0.330607476636,0.143691588785,0.0408878504673,0.174065420561
2H4_HenryIV,0.295202132386,0.0151043980453,0.31652598845,0.13993780542,0.0535317636606,0.179697912039
2H4_HenryV,0.298633702017,0.0151810887009,0.29798308393,0.142919106484,0.0600737367165,0.185209282151
2H4_LadyNorthumberland,0.31884057971,0.0,0.260869565217,0.173913043478,0.101449275362,0.144927536232
2H4_LadyPercy,0.296246648794,0.00938337801609,0.316353887399,0.134048257373,0.0576407506702,0.186327077748
2H4_LordBardolph,0.289899768697,0.023901310717,0.304548959136,0.138781804163,0.059367771781,0.183500385505
2H4_MESSENGERS.1,0.246153846154,0.0307692307692,0.323076923077,0.169230769231,0.0153846153846,0.215384615385
2H4_MESSENGERS.Gower,0.327586206897,0.0258620689655,0.241379310345,0.198275862069,0.0258620689655,0.181034482759
2H4_MistressQuickly,0.303933747412,0.0103519668737,0.269565217391,0.145755693582,0.072049689441,0.1983436853
2H4_Morton,0.2899543379,0.0121765601218,0.316590563166,0.159056316591,0.0578386605784,0.164383561644
2H4_Mouldy,0.340782122905,0.00558659217877,0.234636871508,0.145251396648,0.0614525139665,0.212290502793
2H4_Mowbray,0.276869158879,0.0116822429907,0.336448598131,0.140186915888,0.0455607476636,0.189252336449
2H4_Northumberland,0.300802964793,0.0185299567634,0.306979617048,0.132180358246,0.0463248919086,0.195182211242
2H4_OFFICERS.Fang,0.247524752475,0.019801980198,0.346534653465,0.118811881188,0.0990099009901,0.168316831683
2H4_OFFICERS.Snare,0.2,0.0285714285714,0.4,0.2,0.0857142857143,0.0857142857143
2H4_Peto,0.30303030303,0.010101010101,0.272727272727,0.10101010101,0.0707070707071,0.242424242424
2H4_Pistol,0.298828125,0.0224609375,0.298828125,0.15625,0.0458984375,0.177734375
2H4_Poins,0.317514124294,0.0124293785311,0.323163841808,0.124293785311,0.0519774011299,0.170621468927
2H4_Porter,0.285714285714,0.0204081632653,0.30612244898,0.163265306122,0.102040816327,0.122448979592
2H4_SERVANTS.CHIEFJUSTICE.1,0.233333333333,0.0333333333333,0.306666666667,0.153333333333,0.0866666666667,0.186666666667
2H4_SERVANTS.FALSTAFF.1,0.313397129187,0.00717703349282,0.287081339713,0.162679425837,0.0622009569378,0.167464114833
2H4_Shadow,0.0,0.0,0.6,0.1,0.0,0.3
2H4_Shallow,0.308714918759,0.0214180206795,0.275480059084,0.135155096012,0.0771787296898,0.182053175775
2H4_Silence,0.301518438178,0.0151843817787,0.245119305857,0.164859002169,0.056399132321,0.216919739696
2H4_Travers,0.344398340249,0.0248962655602,0.294605809129,0.116182572614,0.045643153527,0.174273858921
2H4_Wart,0.0,0.0,0.6,0.2,0.2,0.0
2H4_Warwick,0.286082474227,0.0283505154639,0.30412371134,0.146907216495,0.0592783505155,0.175257731959
2H4_Westmoreland,0.294761082326,0.02130109384,0.280944156592,0.169833045481,0.0569948186528,0.176165803109
2H6_Beadle,0.153846153846,0.0,0.153846153846,0.230769230769,0.307692307692,0.153846153846
2H6_Bevis,0.307692307692,0.0128205128205,0.317307692308,0.147435897436,0.0416666666667,0.173076923077
2H6_Bolingbroke,0.32967032967,0.00824175824176,0.288461538462,0.129120879121,0.0824175824176,0.162087912088
2H6_Buckingham,0.299239222316,0.0118343195266,0.284868977177,0.176669484362,0.0532544378698,0.174133558749
2H6_CITIZENS,0.166666666667,0.0,0.25,0.25,0.0555555555556,0.277777777778
2H6_CITIZENS.LONDON.0.1,0.233766233766,0.012987012987,0.311688311688,0.233766233766,0.038961038961,0.168831168831
2H6_CITIZENS.STALBANS.0.1,0.188679245283,0.0,0.377358490566,0.188679245283,0.0188679245283,0.22641509434
2H6_Cade,0.295006402049,0.0107554417414,0.295774647887,0.148271446863,0.0463508322663,0.203841229193
2H6_CardinalBeaufort,0.321909424725,0.015299877601,0.27723378213,0.155446756426,0.0538555691554,0.176254589963
2H6_Clerk,0.333333333333,0.0,0.2,0.133333333333,0.0666666666667,0.266666666667
2H6_Clifford,0.30831408776,0.00923787528868,0.307159353349,0.14896073903,0.0554272517321,0.170900692841
2H6_Dick,0.280672268908,0.0134453781513,0.310924369748,0.161344537815,0.0638655462185,0.16974789916
2H6_DuchessOfGloucester,0.304395604396,0.0142857142857,0.278021978022,0.147252747253,0.056043956044,0.2
2H6_EdwardIV,0.153846153846,0.0,0.461538461538,0.153846153846,0.153846153846,0.0769230769231
2H6_FOLLOWERS.CADE,0.299212598425,0.00787401574803,0.330708661417,0.157480314961,0.0787401574803,0.125984251969
2H6_FOLLOWERS.CADE.0,0.308270676692,0.00751879699248,0.323308270677,0.157894736842,0.0751879699248,0.127819548872
2H6_GENTLEMEN.1,0.284482758621,0.00862068965517,0.284482758621,0.198275862069,0.051724137931,0.172413793103
2H6_GENTLEMEN.2,0.333333333333,0.0,0.222222222222,0.222222222222,0.0555555555556,0.166666666667
2H6_George,0.4,0.0,0.271428571429,0.157142857143,0.0571428571429,0.114285714286
2H6_Gloucester,0.292069632495,0.0167633784655,0.289705566301,0.152804642166,0.0509348807221,0.19772189985
2H6_HERALDS.X.1,0.255813953488,0.0232558139535,0.348837209302,0.139534883721,0.0232558139535,0.209302325581
2H6_HenryVI,0.30123406838,0.0141614404208,0.300627149504,0.149908962169,0.0525996358487,0.181468743678
2H6_Holland,0.275,0.0194444444444,0.319444444444,0.15,0.0611111111111,0.175
2H6_Horner,0.287974683544,0.0189873417722,0.29746835443,0.120253164557,0.0569620253165,0.21835443038
2H6_Hume,0.304703476483,0.0204498977505,0.292433537832,0.167689161554,0.0552147239264,0.159509202454
2H6_Iden,0.299222797927,0.0155440414508,0.305699481865,0.139896373057,0.0492227979275,0.190414507772
2H6_Jourdain,0.326086956522,0.0,0.369565217391,0.130434782609,0.0,0.173913043478
2H6_Lieutenant,0.273285568066,0.014329580348,0.323439099284,0.169907881269,0.0419651995906,0.177072671443
2H6_MESSENGERS.1,0.300518134715,0.0155440414508,0.300518134715,0.19170984456,0.0155440414508,0.176165803109
2H6_MESSENGERS.2,0.308641975309,0.0493827160494,0.283950617284,0.20987654321,0.037037037037,0.111111111111
2H6_MESSENGERS.Post,0.32967032967,0.010989010989,0.252747252747,0.230769230769,0.010989010989,0.164835164835
2H6_MESSENGERS.X.1,0.411764705882,0.0,0.176470588235,0.176470588235,0.0588235294118,0.176470588235
2H6_MESSENGERS.X.2,0.265625,0.015625,0.359375,0.171875,0.03125,0.15625
2H6_MESSENGERS.X.3,0.29702970297,0.00990099009901,0.277227722772,0.168316831683,0.029702970297,0.217821782178
2H6_MURDERERS.0.1,0.377049180328,0.016393442623,0.245901639344,0.180327868852,0.016393442623,0.16393442623
2H6_MURDERERS.0.2,0.375,0.0,0.25,0.0416666666667,0.125,0.208333333333
2H6_Master,0.222222222222,0.0,0.277777777778,0.277777777778,0.0555555555556,0.166666666667
2H6_Mate,0.176470588235,0.0588235294118,0.352941176471,0.176470588235,0.117647058824,0.117647058824
2H6_MayorOfStAlbans,0.310344827586,0.0344827586207,0.310344827586,0.241379310345,0.0689655172414,0.0344827586207
2H6_Michael,0.25,0.00806451612903,0.338709677419,0.217741935484,0.0725806451613,0.112903225806
2H6_NEIGHBORS.1,0.314285714286,0.0,0.2,0.171428571429,0.0857142857143,0.228571428571
2H6_NEIGHBORS.2,0.333333333333,0.0,0.333333333333,0.166666666667,0.0,0.166666666667
2H6_NEIGHBORS.3,0.41935483871,0.0,0.129032258065,0.193548387097,0.0322580645161,0.225806451613
2H6_PETITIONERS,0.5,0.0,0.125,0.125,0.0,0.25
2H6_PETITIONERS.0.1,0.315151515152,0.00606060606061,0.2,0.187878787879,0.0545454545455,0.236363636364
2H6_PETITIONERS.0.2,0.390243902439,0.0,0.268292682927,0.170731707317,0.0,0.170731707317
2H6_PRENTICES.1,0.5,0.0,0.166666666667,0.166666666667,0.0,0.166666666667
2H6_PRENTICES.2,0.4,0.0,0.28,0.16,0.0,0.16
2H6_QueenMargaret,0.301848049281,0.011909650924,0.30205338809,0.147022587269,0.05318275154,0.183983572895
2H6_RichardIII,0.276649746193,0.0126903553299,0.342639593909,0.159898477157,0.0609137055838,0.147208121827
2H6_SERVANTS.GLOUCESTER.0.1,0.222222222222,0.0,0.296296296296,0.296296296296,0.0740740740741,0.111111111111
2H6_SOLDIERS.1,0.75,0.25,0.0,0.0,0.0,0.0
2H6_Salisbury,0.306233062331,0.0142276422764,0.285230352304,0.158536585366,0.0528455284553,0.182926829268
2H6_Sawyer,0.206349206349,0.015873015873,0.349206349206,0.15873015873,0.111111111111,0.15873015873
2H6_Saye,0.291223404255,0.0172872340426,0.3125,0.152925531915,0.0545212765957,0.171542553191
2H6_Scales,0.288,0.016,0.28,0.16,0.088,0.168
2H6_Sheriff,0.285714285714,0.015873015873,0.269841269841,0.111111111111,0.031746031746,0.285714285714
2H6_Simpcox,0.343434343434,0.010101010101,0.215488215488,0.144781144781,0.0505050505051,0.23569023569
2H6_SimpcoxWife,0.294117647059,0.0,0.303921568627,0.166666666667,0.0588235294118,0.176470588235
2H6_Smith,0.323717948718,0.0128205128205,0.323717948718,0.144230769231,0.0544871794872,0.141025641026
2H6_Somerset,0.296019900498,0.0124378109453,0.291044776119,0.191542288557,0.044776119403,0.164179104478
2H6_Spirit,0.338582677165,0.0,0.307086614173,0.141732283465,0.0472440944882,0.165354330709
2H6_Stafford,0.285714285714,0.0122448979592,0.314285714286,0.167346938776,0.0612244897959,0.159183673469
2H6_Stanley,0.333333333333,0.036036036036,0.234234234234,0.144144144144,0.0810810810811,0.171171171171
2H6_Suffolk,0.309806508355,0.014072119613,0.299692172383,0.149516270888,0.0510114335972,0.175901495163
2H6_Thump,0.298550724638,0.00289855072464,0.289855072464,0.159420289855,0.0405797101449,0.208695652174
2H6_Vaux,0.323863636364,0.0170454545455,0.375,0.0909090909091,0.0113636363636,0.181818181818
2H6_Warwick,0.313140726934,0.0107176141659,0.320130475303,0.143988816403,0.0475302889096,0.164492078285
2H6_Whitmore,0.315972222222,0.0104166666667,0.277777777778,0.170138888889,0.0729166666667,0.152777777778
2H6_WilliamStafford,0.315789473684,0.0210526315789,0.263157894737,0.178947368421,0.105263157895,0.115789473684
2H6_York,0.296758104738,0.0149625935162,0.302576891106,0.161928512053,0.0443890274314,0.179384871155
2H6_YoungClifford,0.271056661562,0.0137825421133,0.318529862175,0.169984686064,0.0459418070444,0.180704441041
3H6_ALDERMEN,0.181818181818,0.0,0.363636363636,0.272727272727,0.0909090909091,0.0909090909091
3H6_ATTENDANTS.EDWARD.1,0.324324324324,0.0,0.189189189189,0.27027027027,0.0810810810811,0.135135135135
3H6_Clarence,0.269889840881,0.0189718482252,0.306609547124,0.159730722154,0.0752753977968,0.169522643819
3H6_Clifford,0.274500696702,0.0185787273572,0.34277751974,0.150487691593,0.0483046911287,0.165350673479
3H6_EdwardIV,0.294329303397,0.015400115141,0.296919976972,0.146373056995,0.0709556706966,0.176021876799
3H6_Exeter,0.275471698113,0.00754716981132,0.332075471698,0.17358490566,0.0490566037736,0.162264150943
3H6_Father,0.25,0.01,0.3725,0.1525,0.0475,0.1675
3H6_GAMEKEEPERS.1,0.284090909091,0.0151515151515,0.306818181818,0.155303030303,0.0833333333333,0.155303030303
3H6_GAMEKEEPERS.2,0.295154185022,0.0132158590308,0.259911894273,0.127753303965,0.0969162995595,0.20704845815
3H6_Hastings,0.27323943662,0.00845070422535,0.298591549296,0.149295774648,0.0704225352113,0.2
3H6_HenryVI,0.29101459469,0.0121329347635,0.29435554774,0.152980481801,0.0592579567434,0.190258484262
3H6_Huntsman,0.290322580645,0.0,0.322580645161,0.161290322581,0.0645161290323,0.161290322581
3H6_JohnMortimer,0.235294117647,0.0,0.294117647059,0.176470588235,0.0588235294118,0.235294117647
3H6_KingLewis,0.291706387035,0.0095328884652,0.292659675882,0.159199237369,0.0848427073403,0.162059103908
3H6_LadyBona,0.301369863014,0.013698630137,0.246575342466,0.191780821918,0.0821917808219,0.164383561644
3H6_Lieutenant,0.244897959184,0.0816326530612,0.244897959184,0.204081632653,0.0204081632653,0.204081632653
3H6_MESSENGERS.1,0.230769230769,0.0769230769231,0.230769230769,0.153846153846,0.0,0.307692307692
3H6_MESSENGERS.2,0.444444444444,0.0,0.333333333333,0.111111111111,0.111111111111,0.0
3H6_MESSENGERS.Post,0.266666666667,0.0145833333333,0.3,0.172916666667,0.0666666666667,0.179166666667
3H6_MESSENGERS.X.1,0.22972972973,0.0135135135135,0.27027027027,0.216216216216,0.0945945945946,0.175675675676
3H6_MESSENGERS.X.2,0.304597701149,0.00287356321839,0.318965517241,0.137931034483,0.0689655172414,0.166666666667
3H6_MESSENGERS.X.3,0.313725490196,0.0,0.294117647059,0.0980392156863,0.0980392156863,0.196078431373
3H6_MESSENGERS.X.4,0.287234042553,0.0106382978723,0.244680851064,0.159574468085,0.0531914893617,0.244680851064
3H6_MESSENGERS.X.5,0.363636363636,0.0,0.242424242424,0.30303030303,0.0606060606061,0.030303030303
3H6_MayorOfYork,0.223529411765,0.0117647058824,0.317647058824,0.2,0.0823529411765,0.164705882353
3H6_Montague,0.29435483871,0.0161290322581,0.29435483871,0.141129032258,0.0443548387097,0.209677419355
3H6_Montgomery,0.331838565022,0.0269058295964,0.215246636771,0.152466367713,0.0941704035874,0.179372197309
3H6_Norfolk,0.195652173913,0.0434782608696,0.391304347826,0.173913043478,0.0652173913043,0.130434782609
3H6_Northumberland,0.313333333333,0.0133333333333,0.317777777778,0.117777777778,0.06,0.177777777778
3H6_Oxford,0.263716814159,0.0265486725664,0.316814159292,0.162831858407,0.0672566371681,0.162831858407
3H6_PrinceEdward,0.300586510264,0.0190615835777,0.309384164223,0.159824046921,0.0659824046921,0.145161290323
3H6_QueenElizabeth,0.292724196277,0.0126903553299,0.283417935702,0.168358714044,0.0609137055838,0.181895093063
3H6_QueenMargaret,0.300758589915,0.0158411423472,0.301427933958,0.158634538153,0.0629183400268,0.1604194556
3H6_RichardIII,0.299935773924,0.0131663455363,0.302986512524,0.157032755299,0.0606936416185,0.166184971098
3H6_Rivers,0.25,0.0258620689655,0.275862068966,0.120689655172,0.112068965517,0.215517241379
3H6_Rutland,0.301492537313,0.0149253731343,0.310447761194,0.15223880597,0.0417910447761,0.179104477612
3H6_SOLDIERS.MONTGOMERY,0.181818181818,0.0,0.363636363636,0.272727272727,0.0909090909091,0.0909090909091
3H6_SOLDIERS.YORK,0.181818181818,0.0,0.363636363636,0.272727272727,0.0909090909091,0.0909090909091
3H6_SOLDIERS.YORK.0.1,0.3,0.0,0.3,0.2,0.04,0.16
3H6_Somerset,0.308529945554,0.0127041742287,0.281306715064,0.170598911071,0.0725952813067,0.154264972777
3H6_Somerville,0.229885057471,0.0,0.35632183908,0.172413793103,0.0689655172414,0.172413793103
3H6_Son,0.262108262108,0.002849002849,0.350427350427,0.125356125356,0.048433048433,0.210826210826
3H6_Tutor,0.38,0.02,0.2,0.14,0.02,0.24
3H6_WATCHMEN.1,0.292682926829,0.0243902439024,0.349593495935,0.130081300813,0.0325203252033,0.170731707317
3H6_WATCHMEN.2,0.32183908046,0.0114942528736,0.264367816092,0.172413793103,0.0574712643678,0.172413793103
3H6_WATCHMEN.3,0.359154929577,0.0211267605634,0.288732394366,0.0774647887324,0.0774647887324,0.176056338028
3H6_Warwick,0.294520547945,0.0143975398379,0.296477495108,0.160329885379,0.0549343024881,0.179340229242
3H6_Westmorland,0.294797687861,0.00578034682081,0.329479768786,0.161849710983,0.0231213872832,0.184971098266
3H6_York,0.293238700037,0.0141949943967,0.296600672394,0.152782966007,0.0620097123646,0.1811729548
AWW_ATTENDANTS.KING.0.1,0.338461538462,0.0307692307692,0.230769230769,0.2,0.0461538461538,0.153846153846
AWW_ATTENDANTS.KING.0.2,0.288461538462,0.0192307692308,0.288461538462,0.211538461538,0.0769230769231,0.115384615385
AWW_Bertram,0.293421052632,0.0139473684211,0.297105263158,0.137631578947,0.0642105263158,0.193684210526
AWW_Countess,0.279046673287,0.0206057596822,0.313555114201,0.134806355511,0.0670307845084,0.18495531281
AWW_Diana,0.268493150685,0.0186301369863,0.289315068493,0.143561643836,0.0739726027397,0.20602739726
AWW_Duke,0.23754789272,0.0229885057471,0.333333333333,0.187739463602,0.0421455938697,0.176245210728
AWW_Epilogue,0.336633663366,0.019801980198,0.257425742574,0.128712871287,0.108910891089,0.148514851485
AWW_Fool,0.278104462124,0.0152196471809,0.307506053269,0.144932549291,0.0574195780007,0.196817710135
AWW_GENTLEMEN.1,0.292682926829,0.0487804878049,0.308943089431,0.0731707317073,0.0650406504065,0.211382113821
AWW_GENTLEMEN.2,0.283783783784,0.0135135135135,0.297297297297,0.114864864865,0.0608108108108,0.22972972973
AWW_GENTLEMEN.3,0.254098360656,0.00819672131148,0.344262295082,0.143442622951,0.0573770491803,0.19262295082
AWW_Helen,0.285422442726,0.0159054428717,0.303370786517,0.140522398949,0.0646432219466,0.19013570699
AWW_King,0.287890044577,0.0144873699851,0.323922734027,0.134101040119,0.0599925705795,0.179606240713
AWW_LORDS.COURT.1,0.384615384615,0.0,0.192307692308,0.0769230769231,0.0769230769231,0.269230769231
AWW_LORDS.COURT.2,0.333333333333,0.0,0.259259259259,0.0740740740741,0.111111111111,0.222222222222
AWW_LORDS.COURT.3,0.315789473684,0.0,0.263157894737,0.0526315789474,0.105263157895,0.263157894737
AWW_LORDS.COURT.4,0.275862068966,0.0,0.275862068966,0.0689655172414,0.103448275862,0.275862068966
AWW_LORDS.DUMAINE.1,0.289896128423,0.014164305949,0.307837582625,0.134088762984,0.0627950897073,0.191218130312
AWW_LORDS.DUMAINE.2,0.274861025324,0.0117356392835,0.332303891291,0.1383570105,0.0568252007412,0.18591723286
AWW_Lafew,0.292459826947,0.0123609394314,0.315451174289,0.136464771323,0.0613102595797,0.18195302843
AWW_Mariana,0.258461538462,0.0215384615385,0.381538461538,0.113846153846,0.0461538461538,0.178461538462
AWW_Page,0.153846153846,0.0,0.230769230769,0.307692307692,0.153846153846,0.153846153846
AWW_Parolles,0.296038543897,0.0189150606709,0.291577444682,0.146502498216,0.057994289793,0.188972162741
AWW_SOLDIERS,0.647058823529,0.0,0.0,0.352941176471,0.0,0.0
AWW_SOLDIERS.0.1,0.518518518519,0.0,0.0740740740741,0.296296296296,0.0740740740741,0.037037037037
AWW_SOLDIERS.Interpreter,0.296846011132,0.012987012987,0.307977736549,0.13172541744,0.0909090909091,0.159554730983
AWW_Servant,0.241935483871,0.0,0.41935483871,0.129032258065,0.0161290322581,0.193548387097
AWW_Steward,0.295389048991,0.0158501440922,0.309798270893,0.119596541787,0.0634005763689,0.195965417867
AWW_Widow,0.280575539568,0.015587529976,0.309352517986,0.152278177458,0.0731414868106,0.169064748201
AYL_Adam,0.279749478079,0.0146137787056,0.292275574113,0.141962421712,0.0855949895616,0.185803757829
AYL_Audrey,0.309523809524,0.0198412698413,0.285714285714,0.107142857143,0.0833333333333,0.194444444444
AYL_Celia,0.281090723751,0.0168195718654,0.31880733945,0.140672782875,0.0711009174312,0.171508664628
AYL_Charles,0.289473684211,0.00554016620499,0.310249307479,0.164819944598,0.0512465373961,0.178670360111
AYL_Corin,0.315839694656,0.00954198473282,0.296755725191,0.144083969466,0.0629770992366,0.170801526718
AYL_Dennis,0.285714285714,0.0,0.357142857143,0.178571428571,0.142857142857,0.0357142857143
AYL_DukeFrederick,0.287615148414,0.0133060388946,0.324462640737,0.122824974411,0.0552712384852,0.196519959058
AYL_DukeSenior,0.288260602336,0.0172095881991,0.307314074985,0.142593730793,0.0676090964966,0.177012907191
AYL_Hymen,0.246527777778,0.0138888888889,0.347222222222,0.118055555556,0.0833333333333,0.190972222222
AYL_Jaques,0.270444104135,0.016539050536,0.302603369066,0.144563552833,0.062787136294,0.203062787136
AYL_LORDS.FREDERICK.0.1,0.298245614035,0.0175438596491,0.368421052632,0.105263157895,0.0,0.210526315789
AYL_LORDS.FREDERICK.0.2,0.251798561151,0.0215827338129,0.309352517986,0.194244604317,0.0575539568345,0.165467625899
AYL_LORDS.FREDERICK.LeBeau,0.285322359396,0.0205761316872,0.330589849108,0.155006858711,0.0589849108368,0.149519890261
AYL_LORDS.SENIOR,0.27027027027,0.0,0.391891891892,0.0810810810811,0.0540540540541,0.202702702703
AYL_LORDS.SENIOR.0.1,0.301808066759,0.0250347705146,0.314325452017,0.134909596662,0.0431154381085,0.180806675939
AYL_LORDS.SENIOR.0.2,0.269503546099,0.0,0.347517730496,0.106382978723,0.063829787234,0.212765957447
AYL_LORDS.SENIOR.Amiens,0.28125,0.0128676470588,0.319852941176,0.136029411765,0.0606617647059,0.189338235294
AYL_Oliver,0.293512304251,0.0152125279642,0.295749440716,0.144966442953,0.0653243847875,0.185234899329
AYL_OliverMartext,0.196721311475,0.016393442623,0.295081967213,0.213114754098,0.016393442623,0.262295081967
AYL_Orlando,0.291113147045,0.0199267063674,0.291342189647,0.147045350435,0.0664223545579,0.184150251947
AYL_Phoebe,0.309602649007,0.00993377483444,0.300496688742,0.130794701987,0.0579470198675,0.191225165563
AYL_Rosalind,0.277988892137,0.0148104842639,0.294358374744,0.145668907727,0.0780473545747,0.189125986554
AYL_SERVANTS.1,0.295629820051,0.00514138817481,0.272493573265,0.156812339332,0.0642673521851,0.205655526992
AYL_SERVANTS.2,0.289855072464,0.00289855072464,0.295652173913,0.150724637681,0.0550724637681,0.205797101449
AYL_SecondBrother,0.312267657993,0.0148698884758,0.312267657993,0.148698884758,0.0520446096654,0.159851301115
AYL_Silvius,0.311320754717,0.0083857442348,0.329140461216,0.12893081761,0.0450733752621,0.17714884696
AYL_Touchstone,0.307068366165,0.0113557358053,0.294090382387,0.143453070684,0.0641946697567,0.179837775203
AYL_William,0.333333333333,0.0196078431373,0.333333333333,0.0980392156863,0.117647058824,0.0980392156863
Ado_ATTENDANTS.0.1,0.333333333333,0.0,0.166666666667,0.333333333333,0.0,0.166666666667
Ado_Antonio,0.48,0.0,0.08,0.08,0.12,0.24
Ado_Balthasar,0.255384615385,0.0,0.304615384615,0.101538461538,0.0769230769231,0.261538461538
Ado_Beatrice,0.296442687747,0.0120902115787,0.28202743548,0.140199953499,0.0692862125087,0.199953499186
Ado_Benedick,0.296521095485,0.0139156180607,0.289415247964,0.142264988897,0.0673575129534,0.19052553664
Ado_Borachio,0.29942618675,0.0172143974961,0.287428273344,0.138758476787,0.0511215440793,0.206051121544
Ado_Boy,0.142857142857,0.0,0.285714285714,0.428571428571,0.0,0.142857142857
Ado_Claudio,0.283980582524,0.0151024811219,0.31067961165,0.139428263215,0.0676914778857,0.183117583603
Ado_Conrade,0.267942583732,0.00478468899522,0.311004784689,0.136363636364,0.105263157895,0.174641148325
Ado_Dogberry,0.304224352148,0.018814341498,0.278665246716,0.134895278665,0.0699325523607,0.193468228612
Ado_DonJohn,0.299007444169,0.0136476426799,0.280397022333,0.137717121588,0.0732009925558,0.196029776675
Ado_DonPedro,0.300043994721,0.0151781786186,0.30488341399,0.138803343599,0.0741311042675,0.166959964804
Ado_FriarFrancis,0.289831865492,0.0168134507606,0.291433146517,0.15612489992,0.0592473979183,0.186549239392
Ado_Hero,0.315114333519,0.0117122141662,0.28945900725,0.136084774122,0.0619074177356,0.185722253207
Ado_Leonato,0.29305754659,0.0153594101986,0.300430063486,0.141511365964,0.0620520172025,0.187589596559
Ado_LeonatosBrother,0.30655957162,0.0120481927711,0.271753681392,0.132530120482,0.0722891566265,0.204819277108
Ado_MESSENGERS.DONPEDRO.1,0.294117647059,0.0294117647059,0.147058823529,0.205882352941,0.0588235294118,0.264705882353
Ado_MESSENGERS.LEONATO.1,0.293103448276,0.0295566502463,0.302955665025,0.14039408867,0.0443349753695,0.189655172414
Ado_MUSICIANS,0.278350515464,0.020618556701,0.340206185567,0.144329896907,0.0618556701031,0.154639175258
Ado_Margaret,0.296890672016,0.0110330992979,0.276830491474,0.149448345035,0.0712136409228,0.194583751254
Ado_Sexton,0.277056277056,0.017316017316,0.294372294372,0.138528138528,0.0735930735931,0.199134199134
Ado_Ursula,0.304283604136,0.0236336779911,0.254062038405,0.15952732644,0.0753323485968,0.183161004431
Ado_Verges,0.300613496933,0.0153374233129,0.306748466258,0.113496932515,0.0521472392638,0.211656441718
Ado_WATCHMEN.1,0.247524752475,0.029702970297,0.282178217822,0.153465346535,0.0594059405941,0.227722772277
Ado_WATCHMEN.2,0.243902439024,0.0243902439024,0.268292682927,0.170731707317,0.146341463415,0.146341463415
Ado_WATCHMEN.Seacoal,0.263157894737,0.0382775119617,0.325358851675,0.138755980861,0.0622009569378,0.172248803828
Ant_ATTENDANTS.ANTONY,0.2,0.0,0.2,0.2,0.2,0.2
Ant_ATTENDANTS.CAESAR,0.0666666666667,0.0,0.466666666667,0.2,0.2,0.0666666666667
Ant_Agrippa,0.335467349552,0.0243277848912,0.288092189501,0.151088348271,0.0601792573624,0.140845070423
Ant_Alexas,0.293827160494,0.0197530864198,0.313580246914,0.143209876543,0.0641975308642,0.165432098765
Ant_Ambassador,0.258373205742,0.0239234449761,0.392344497608,0.138755980861,0.0239234449761,0.162679425837
Ant_Antony,0.300380228137,0.0158428390368,0.304544631541,0.142404490313,0.0602027883397,0.176625022633
Ant_Boy,0.383561643836,0.0,0.260273972603,0.164383561644,0.0547945205479,0.13698630137
Ant_CAPTAINS,0.424242424242,0.030303030303,0.121212121212,0.242424242424,0.0606060606061,0.121212121212
Ant_CAPTAINS.0.1,0.340425531915,0.0425531914894,0.148936170213,0.255319148936,0.0425531914894,0.170212765957
Ant_Canidius,0.251612903226,0.0258064516129,0.335483870968,0.151612903226,0.0612903225806,0.174193548387
Ant_Charmian,0.272277227723,0.0255775577558,0.285478547855,0.13201320132,0.0660066006601,0.218646864686
Ant_Cleopatra,0.29517513338,0.0165854790072,0.298306657388,0.142194386453,0.0514961725818,0.19624217119
Ant_Countryman,0.295348837209,0.00697674418605,0.313953488372,0.116279069767,0.0790697674419,0.188372093023
Ant_Demetrius,0.294117647059,0.0,0.397058823529,0.147058823529,0.0441176470588,0.117647058824
Ant_Diomedes,0.338645418327,0.0119521912351,0.274900398406,0.131474103586,0.0717131474104,0.171314741036
Ant_Dolabella,0.273224043716,0.0182149362477,0.304189435337,0.136612021858,0.0783242258652,0.189435336976
Ant_Egyptian,0.243902439024,0.0121951219512,0.390243902439,0.0975609756098,0.0487804878049,0.207317073171
Ant_Enobarbus,0.29054916986,0.0144742443593,0.319710515113,0.135802469136,0.0651340996169,0.174329501916
Ant_Eros,0.279588336192,0.0137221269297,0.317324185249,0.159519725557,0.0463121783877,0.183533447684
Ant_GUARDS,0.266666666667,0.0,0.466666666667,0.0666666666667,0.0666666666667,0.133333333333
Ant_GUARDS.0.1,0.263157894737,0.0,0.298245614035,0.157894736842,0.140350877193,0.140350877193
Ant_GUARDS.0.2,0.227272727273,0.0,0.454545454545,0.136363636364,0.0454545454545,0.136363636364
Ant_GUARDS.0.3,0.2,0.0,0.35,0.1,0.1,0.25
Ant_GUARDS.CAESAR.0.1,0.275280898876,0.0224719101124,0.370786516854,0.123595505618,0.0393258426966,0.168539325843
Ant_GUARDS.CAESAR.0.2,0.222222222222,0.0,0.388888888889,0.222222222222,0.0,0.166666666667
Ant_GUARDS.CAESAR.1,0.2,0.0,0.35,0.225,0.075,0.15
Ant_GUARDS.Dercetus,0.329824561404,0.0175438596491,0.364912280702,0.101754385965,0.0526315789474,0.133333333333
Ant_Gallus,0.210526315789,0.0,0.421052631579,0.184210526316,0.105263157895,0.0789473684211
Ant_Iras,0.31067961165,0.0194174757282,0.278317152104,0.15857605178,0.0388349514563,0.194174757282
Ant_LADIES,0.25,0.0,0.75,0.0,0.0,0.0
Ant_Lepidus,0.310975609756,0.0231707317073,0.278048780488,0.153658536585,0.069512195122,0.164634146341
Ant_MESSENGERS.ANTONY.1,0.281437125749,0.0059880239521,0.365269461078,0.137724550898,0.0419161676647,0.167664670659
Ant_MESSENGERS.ANTONY.2,0.125,0.0,0.3125,0.1875,0.125,0.25
Ant_MESSENGERS.ANTONY.3,0.179487179487,0.0,0.461538461538,0.153846153846,0.0769230769231,0.128205128205
Ant_MESSENGERS.CAESAR.1,0.327102803738,0.00934579439252,0.355140186916,0.14953271028,0.0,0.158878504673
Ant_MESSENGERS.CAESAR.2,0.280303030303,0.00757575757576,0.325757575758,0.143939393939,0.0454545454545,0.19696969697
Ant_MESSENGERS.X.1,0.230769230769,0.0,0.153846153846,0.307692307692,0.0,0.307692307692
Ant_MESSENGERS.X.2,0.297423887588,0.0117096018735,0.276346604215,0.107728337237,0.0491803278689,0.257611241218
Ant_MESSENGERS.X.3,0.210526315789,0.0,0.473684210526,0.157894736842,0.0,0.157894736842
Ant_MESSENGERS.X.4,0.333333333333,0.0,0.333333333333,0.166666666667,0.0,0.166666666667
Ant_MESSENGERS.X.5,0.333333333333,0.0,0.25,0.0833333333333,0.0,0.333333333333
Ant_Maecenas,0.327552986513,0.019267822736,0.292870905588,0.131021194605,0.0655105973025,0.163776493256
Ant_Mardian,0.332,0.012,0.264,0.092,0.06,0.24
Ant_Menas,0.295589988081,0.00715137067938,0.319427890346,0.156138259833,0.0631704410012,0.15852205006
Ant_Octavia,0.323340471092,0.00856531049251,0.241970021413,0.190578158458,0.0599571734475,0.175588865096
Ant_Octavius,0.30634807418,0.0189015691869,0.299572039943,0.140335235378,0.0579529243937,0.176890156919
Ant_Philo,0.325301204819,0.0120481927711,0.325301204819,0.136546184739,0.0361445783133,0.164658634538
Ant_Pompey,0.300595238095,0.014880952381,0.319642857143,0.127380952381,0.0577380952381,0.179761904762
Ant_Proculeius,0.30243902439,0.0121951219512,0.29512195122,0.173170731707,0.0682926829268,0.148780487805
Ant_SERVANTS,0.571428571429,0.0,0.428571428571,0.0,0.0,0.0
Ant_SERVANTS.0.1,0.320895522388,0.0223880597015,0.283582089552,0.164179104478,0.0597014925373,0.149253731343
Ant_SERVANTS.0.2,0.285714285714,0.00892857142857,0.375,0.116071428571,0.0267857142857,0.1875
