filename,bilabilal,linguaalveolar,linguadental,labiodental,linguavelar,glottal,linguapalatal
1H4_Archbishop,0.158823529412,0.496078431373,0.0745098039216,0.0588235294118,0.0666666666667,0.0333333333333,0.111764705882
1H4_Bardolph,0.16890080429,0.533512064343,0.0509383378016,0.0563002680965,0.0455764075067,0.0107238605898,0.134048257373
1H4_Bedford,0.142857142857,0.515873015873,0.0634920634921,0.0555555555556,0.0873015873016,0.0396825396825,0.0952380952381
1H4_Blunt,0.127551020408,0.530612244898,0.0714285714286,0.0561224489796,0.0680272108844,0.0340136054422,0.112244897959
1H4_Chamberlain,0.138181818182,0.48,0.0836363636364,0.0690909090909,0.0763636363636,0.0509090909091,0.101818181818
1H4_DRAWERS.Francis,0.146788990826,0.605504587156,0.0183486238532,0.0366972477064,0.045871559633,0.0275229357798,0.119266055046
1H4_Douglas,0.139280125196,0.474178403756,0.10172143975,0.0594679186228,0.0845070422535,0.0359937402191,0.104851330203
1H4_Falstaff,0.154136917262,0.488765224696,0.0734985300294,0.0744435111298,0.0731835363293,0.037379252415,0.0985930281394
1H4_Gadshill,0.144975288303,0.474464579901,0.0856672158155,0.0560131795717,0.103789126853,0.0345963756178,0.100494233937
1H4_Glendower,0.152981849611,0.484874675886,0.0605012964564,0.0605012964564,0.0751944684529,0.0354364736387,0.130509939499
1H4_HenryIV,0.141158120491,0.539676350166,0.0604406317021,0.0639500877364,0.0528368102944,0.0362643790213,0.105673620589
1H4_HenryV,0.150241725549,0.498946324532,0.0772282137102,0.0676831535887,0.068055039048,0.0317342258584,0.106111317714
1H4_Hotspur,0.152503052503,0.511843711844,0.0623931623932,0.0620268620269,0.0727716727717,0.0404151404151,0.0980463980464
1H4_LadyPercy,0.137579617834,0.524840764331,0.0777070063694,0.0675159235669,0.0522292993631,0.0343949044586,0.105732484076
1H4_MESSENGERS.1,0.0769230769231,0.384615384615,0.0,0.0769230769231,0.0,0.0769230769231,0.384615384615
1H4_MESSENGERS.2,0.294117647059,0.294117647059,0.0588235294118,0.0,0.176470588235,0.0,0.176470588235
1H4_MESSENGERS.X,0.141414141414,0.464646464646,0.0505050505051,0.0808080808081,0.0505050505051,0.0707070707071,0.141414141414
1H4_MistressQuickly,0.144393241167,0.499231950845,0.0752688172043,0.0491551459293,0.0599078341014,0.062980030722,0.109062980031
1H4_Mortimer,0.147058823529,0.523965141612,0.0631808278867,0.0588235294118,0.0642701525054,0.0348583877996,0.107843137255
1H4_Northumberland,0.160220994475,0.477900552486,0.0635359116022,0.0469613259669,0.0745856353591,0.0386740331492,0.138121546961
1H4_Ostler,0,0,0,0,0,0,0
1H4_Peto,0.191082802548,0.528662420382,0.0509554140127,0.0382165605096,0.0828025477707,0.0509554140127,0.0573248407643
1H4_Poins,0.139643861293,0.488284910965,0.0656044985942,0.0815370196813,0.0618556701031,0.0440487347704,0.119025304592
1H4_SERVANTS.HOTSPUR.1,0.166666666667,0.5,0.0,0.0333333333333,0.0333333333333,0.1,0.166666666667
1H4_Sheriff,0.146341463415,0.50406504065,0.0569105691057,0.0406504065041,0.0731707317073,0.0406504065041,0.138211382114
1H4_SirMichael,0.148148148148,0.555555555556,0.0462962962963,0.037037037037,0.0462962962963,0.0185185185185,0.148148148148
1H4_TRAVELERS.CARRIERS,0.142857142857,0.857142857143,0.0,0.0,0.0,0.0,0.0
1H4_TRAVELERS.CARRIERS.1,0.150943396226,0.471698113208,0.0905660377358,0.0679245283019,0.109433962264,0.0377358490566,0.0716981132075
1H4_TRAVELERS.CARRIERS.2,0.134920634921,0.539682539683,0.0674603174603,0.0555555555556,0.0912698412698,0.0277777777778,0.0833333333333
1H4_TRAVELERS.CARRIERS.X,0.166666666667,0.666666666667,0.0,0.166666666667,0.0,0.0,0.0
1H4_TRAVELERS.GENTLEMEN,0.2,0.6,0.05,0.1,0.0,0.0,0.05
1H4_TRAVELERS.GENTLEMEN.0.1,0.188679245283,0.547169811321,0.0566037735849,0.0566037735849,0.0566037735849,0.0377358490566,0.0566037735849
1H4_Vernon,0.15376344086,0.522580645161,0.0559139784946,0.058064516129,0.0720430107527,0.0365591397849,0.101075268817
1H4_Vintner,0.111111111111,0.574074074074,0.111111111111,0.0185185185185,0.0740740740741,0.0185185185185,0.0925925925926
1H4_Westmoreland,0.156896551724,0.506896551724,0.0758620689655,0.051724137931,0.0620689655172,0.0275862068966,0.118965517241
1H4_Worcester,0.14076143905,0.52706950751,0.052043311212,0.0674118057981,0.0674118057981,0.0321341250437,0.113168005589
1H6_Alanson,0.147100424328,0.502121640736,0.0707213578501,0.0608203677511,0.0509193776521,0.041018387553,0.12729844413
1H6_Basset,0.151282051282,0.479487179487,0.074358974359,0.0615384615385,0.0871794871795,0.0230769230769,0.123076923077
1H6_Bastard,0.133333333333,0.496551724138,0.0666666666667,0.0689655172414,0.064367816092,0.0505747126437,0.119540229885
1H6_Bedford,0.145424836601,0.509803921569,0.062908496732,0.0800653594771,0.0555555555556,0.031862745098,0.114379084967
1H6_Boy,0.173076923077,0.403846153846,0.0769230769231,0.134615384615,0.0384615384615,0.0192307692308,0.153846153846
1H6_Burgundy,0.159398496241,0.491729323308,0.0661654135338,0.0646616541353,0.0706766917293,0.0360902255639,0.111278195489
1H6_CardinalBeaufort,0.152719665272,0.492329149233,0.0690376569038,0.0634588563459,0.0718270571827,0.0327754532775,0.117852161785
1H6_Charles,0.153153153153,0.5,0.0735735735736,0.0775775775776,0.0635635635636,0.0275275275275,0.104604604605
1H6_Countess,0.149560117302,0.492668621701,0.0953079178886,0.0513196480938,0.0557184750733,0.0410557184751,0.114369501466
1H6_Exeter,0.152241918665,0.483837330553,0.0646506777894,0.0771637122002,0.0688216892596,0.0302398331595,0.123044838373
1H6_Fastolf,0.133333333333,0.457142857143,0.047619047619,0.114285714286,0.0666666666667,0.0285714285714,0.152380952381
1H6_Gargrave,0.108108108108,0.459459459459,0.108108108108,0.0810810810811,0.0810810810811,0.027027027027,0.135135135135
1H6_General,0.113022113022,0.503685503686,0.117936117936,0.0687960687961,0.04914004914,0.014742014742,0.132678132678
1H6_Glansdale,0.2,0.333333333333,0.133333333333,0.0666666666667,0.0666666666667,0.0666666666667,0.133333333333
1H6_Gloucester,0.138493578619,0.513363415481,0.0621312044429,0.0583130857341,0.0676848316557,0.0336688649774,0.126345019091
1H6_HenryVI,0.143557422969,0.488095238095,0.0563725490196,0.0717787114846,0.0798319327731,0.0192577030812,0.141106442577
1H6_JAILERS.0.1,0.209677419355,0.516129032258,0.0322580645161,0.0322580645161,0.0645161290323,0.0322580645161,0.112903225806
1H6_JohnTalbot,0.17115902965,0.509433962264,0.0633423180593,0.0956873315364,0.033692722372,0.0175202156334,0.109164420485
1H6_Lawyer,0.18,0.58,0.02,0.02,0.08,0.02,0.1
1H6_Legate,0.181818181818,0.545454545455,0.0,0.0,0.0,0.0,0.272727272727
1H6_Lucy,0.128805620609,0.504293520687,0.0616705698673,0.0804059328649,0.0686963309914,0.032006245121,0.124121779859
1H6_MESSENGERS.ENGLISH.1,0.156862745098,0.525490196078,0.043137254902,0.0627450980392,0.0823529411765,0.0156862745098,0.113725490196
1H6_MESSENGERS.ENGLISH.2,0.118811881188,0.49504950495,0.0693069306931,0.108910891089,0.0891089108911,0.029702970297,0.0891089108911
1H6_MESSENGERS.ENGLISH.3,0.12925170068,0.526530612245,0.0639455782313,0.0530612244898,0.0680272108844,0.0503401360544,0.108843537415
1H6_MESSENGERS.ENGLISH.X.1,0.147540983607,0.475409836066,0.0983606557377,0.0655737704918,0.0491803278689,0.0491803278689,0.114754098361
1H6_MESSENGERS.ENGLISH.X.2,0.191489361702,0.468085106383,0.0957446808511,0.0425531914894,0.0212765957447,0.0425531914894,0.13829787234
1H6_MESSENGERS.FRENCH.1,0.165094339623,0.466981132075,0.0660377358491,0.0566037735849,0.0660377358491,0.0235849056604,0.155660377358
1H6_MasterGunner,0.133858267717,0.496062992126,0.0984251968504,0.0708661417323,0.0748031496063,0.0314960629921,0.0944881889764
1H6_Mayor,0.156156156156,0.510510510511,0.0570570570571,0.0690690690691,0.0720720720721,0.012012012012,0.123123123123
1H6_Mortimer,0.160261058738,0.4829586657,0.0819434372734,0.065264684554,0.0768672951414,0.0297316896302,0.102973168963
1H6_OFFICERS.0.1,0.168316831683,0.534653465347,0.029702970297,0.029702970297,0.0693069306931,0.029702970297,0.138613861386
1H6_Porter,0.6,0.4,0.0,0.0,0.0,0.0,0.0
1H6_Pucelle,0.156739020697,0.49545683998,0.072942958102,0.0641090358405,0.0749621403332,0.0285209490156,0.107269056032
1H6_QueenMargaret,0.195698924731,0.464516129032,0.0387096774194,0.0752688172043,0.0666666666667,0.0344086021505,0.124731182796
1H6_Reignier,0.149943630214,0.518602029312,0.0496054114994,0.0586245772266,0.0732807215333,0.0360766629087,0.113866967306
1H6_SERVANTS.1,0.0,0.833333333333,0.0833333333333,0.0,0.0833333333333,0.0,0.0
1H6_SERVANTS.2,0.2,0.8,0.0,0.0,0.0,0.0,0.0
1H6_SERVANTS.3,0.133333333333,0.6,0.0666666666667,0.133333333333,0.0,0.0,0.0666666666667
1H6_SERVANTS.GLOUCESTER,0.205128205128,0.435897435897,0.102564102564,0.025641025641,0.128205128205,0.0,0.102564102564
1H6_SERVANTS.GLOUCESTER.0.1,0.146341463415,0.512195121951,0.0731707317073,0.0365853658537,0.0975609756098,0.0,0.134146341463
1H6_SERVANTS.GLOUCESTER.0.2,0.18,0.52,0.06,0.0666666666667,0.0466666666667,0.0133333333333,0.113333333333
1H6_SERVANTS.TALBOT.1,0.176470588235,0.470588235294,0.0,0.0,0.0,0.0,0.352941176471
1H6_SERVANTS.WINCHESTER.0.1,0.177777777778,0.533333333333,0.0666666666667,0.133333333333,0.0,0.0,0.0888888888889
1H6_SOLDIERS.ENGLISH.0.1,0.142857142857,0.571428571429,0.0,0.0,0.142857142857,0.0,0.142857142857
1H6_SOLDIERS.ENGLISH.1,0.213114754098,0.426229508197,0.0655737704918,0.114754098361,0.0491803278689,0.0491803278689,0.0819672131148
1H6_SOLDIERS.ENGLISH.Captain,0.116279069767,0.627906976744,0.046511627907,0.093023255814,0.0232558139535,0.0232558139535,0.0697674418605
1H6_SOLDIERS.ENGLISH.SOMERSET.0.1,0.172413793103,0.344827586207,0.0689655172414,0.137931034483,0.0,0.0689655172414,0.206896551724
1H6_SOLDIERS.FRENCH.PUCELLE.0.1,0.131578947368,0.526315789474,0.0526315789474,0.0526315789474,0.0789473684211,0.0,0.157894736842
1H6_SOLDIERS.FRENCH.Scout,0.126582278481,0.632911392405,0.0253164556962,0.0379746835443,0.0759493670886,0.0253164556962,0.0759493670886
1H6_SOLDIERS.FRENCH.Sergeant,0.114754098361,0.573770491803,0.0327868852459,0.0819672131148,0.0491803278689,0.016393442623,0.131147540984
1H6_Salisbury,0.162037037037,0.537037037037,0.0509259259259,0.0416666666667,0.0462962962963,0.037037037037,0.125
1H6_Shepherd,0.139053254438,0.520710059172,0.0976331360947,0.0650887573964,0.0591715976331,0.0384615384615,0.0798816568047
1H6_Somerset,0.15157480315,0.510826771654,0.0600393700787,0.0561023622047,0.0639763779528,0.0305118110236,0.126968503937
1H6_Suffolk,0.155598455598,0.498069498069,0.0637065637066,0.0621621621622,0.0814671814672,0.0355212355212,0.103474903475
1H6_Talbot,0.148802828218,0.503615619476,0.0658846215652,0.0710268359312,0.0613851839949,0.0334243933794,0.115860517435
1H6_Vernon,0.15144766147,0.494432071269,0.0779510022272,0.0534521158129,0.0579064587973,0.0356347438753,0.129175946548
1H6_WARDERS.1,0.2,0.45,0.125,0.0,0.05,0.075,0.1
1H6_WARDERS.2,0.3,0.5,0.0,0.0,0.0,0.1,0.1
1H6_WATCHMEN.1,0.164179104478,0.522388059701,0.0746268656716,0.0,0.0746268656716,0.0,0.164179104478
1H6_Warwick,0.169476486247,0.504880212955,0.0665483584738,0.0399290150843,0.0656610470275,0.0292812777285,0.124223602484
1H6_Watchman,0.176470588235,0.411764705882,0.0588235294118,0.0,0.235294117647,0.0,0.117647058824
1H6_Woodville,0.176470588235,0.482352941176,0.0588235294118,0.0823529411765,0.0470588235294,0.0588235294118,0.0941176470588
1H6_York,0.156204906205,0.502164502165,0.0656565656566,0.0631313131313,0.0699855699856,0.0313852813853,0.111471861472
2H4_Archbishop,0.146516853933,0.509213483146,0.0611235955056,0.0633707865169,0.0701123595506,0.0355056179775,0.114157303371
2H4_BEADLES.0.1,0.161538461538,0.415384615385,0.0538461538462,0.0923076923077,0.0846153846154,0.0615384615385,0.130769230769
2H4_Bardolph,0.162408759124,0.518248175182,0.0401459854015,0.043795620438,0.0839416058394,0.0346715328467,0.116788321168
2H4_Bedford,0.156211562116,0.476629766298,0.0658056580566,0.0608856088561,0.0707257072571,0.0405904059041,0.129151291513
2H4_Bullcalf,0.125,0.495,0.025,0.07,0.095,0.035,0.155
2H4_ChiefJustice,0.15578358209,0.475746268657,0.0569029850746,0.0559701492537,0.076026119403,0.0349813432836,0.144589552239
2H4_Chorus,0.173983739837,0.489430894309,0.079674796748,0.0682926829268,0.0634146341463,0.0276422764228,0.0975609756098
2H4_Clarence,0.138554216867,0.509036144578,0.0813253012048,0.0602409638554,0.066265060241,0.0481927710843,0.0963855421687
2H4_Colevile,0.156862745098,0.5,0.0882352941176,0.0686274509804,0.0196078431373,0.0392156862745,0.127450980392
2H4_DRAWERS.1,0.1640625,0.4921875,0.0703125,0.0625,0.0546875,0.0703125,0.0859375
2H4_DRAWERS.Francis,0.116504854369,0.533980582524,0.0970873786408,0.0679611650485,0.0582524271845,0.0291262135922,0.0970873786408
2H4_DRAWERS.Will,0.183333333333,0.583333333333,0.05,0.05,0.0166666666667,0.0333333333333,0.0833333333333
2H4_DRAWERS.X,0.235294117647,0.588235294118,0.0588235294118,0.0,0.0588235294118,0.0,0.0588235294118
2H4_Davy,0.165369649805,0.507782101167,0.0525291828794,0.0622568093385,0.0525291828794,0.0350194552529,0.124513618677
2H4_DollTearsheet,0.162769784173,0.451438848921,0.0773381294964,0.0593525179856,0.091726618705,0.0314748201439,0.125899280576
2H4_Epilogue,0.200657894737,0.504934210526,0.0394736842105,0.0608552631579,0.0542763157895,0.0164473684211,0.123355263158
2H4_Falstaff,0.164084507042,0.491247484909,0.0681086519115,0.0621730382294,0.0724346076459,0.0380281690141,0.103923541247
2H4_Feeble,0.198675496689,0.53642384106,0.0397350993377,0.0397350993377,0.0662251655629,0.0264900662252,0.0927152317881
2H4_GROOMS.1,0.194444444444,0.333333333333,0.0555555555556,0.0277777777778,0.111111111111,0.0,0.277777777778
2H4_GROOMS.2,0.1875,0.5625,0.0625,0.0625,0.0,0.0625,0.0625
2H4_Gloucester,0.1625,0.4875,0.0625,0.05,0.0583333333333,0.0458333333333,0.133333333333
2H4_Harcourt,0.120967741935,0.459677419355,0.0967741935484,0.0887096774194,0.0806451612903,0.00806451612903,0.145161290323
2H4_Hastings,0.146028037383,0.523364485981,0.0595794392523,0.0689252336449,0.0607476635514,0.0432242990654,0.0981308411215
2H4_HenryIV,0.160373167481,0.500666370502,0.0841848067526,0.0610839626833,0.0675255442026,0.0355397601066,0.0906263882719
2H4_HenryV,0.164606376057,0.492517891997,0.0750379527218,0.0661461721969,0.0585556278465,0.0290609412275,0.114075037953
2H4_LadyNorthumberland,0.159420289855,0.492753623188,0.0579710144928,0.0869565217391,0.0724637681159,0.0289855072464,0.101449275362
2H4_LadyPercy,0.139410187668,0.477211796247,0.0710455764075,0.0723860589812,0.0777479892761,0.0482573726542,0.113941018767
2H4_LordBardolph,0.153430994603,0.521973785659,0.0663068619892,0.0616808018504,0.0609097918273,0.0370084811103,0.0986892829607
2H4_MESSENGERS.1,0.138461538462,0.461538461538,0.123076923077,0.0769230769231,0.0615384615385,0.0153846153846,0.123076923077
2H4_MESSENGERS.Gower,0.129310344828,0.491379310345,0.0431034482759,0.0603448275862,0.0689655172414,0.051724137931,0.155172413793
2H4_MistressQuickly,0.169772256729,0.488198757764,0.0633540372671,0.0505175983437,0.072049689441,0.0368530020704,0.119254658385
2H4_Morton,0.142313546423,0.504566210046,0.0700152207002,0.0684931506849,0.0525114155251,0.0357686453577,0.126331811263
2H4_Mouldy,0.156424581006,0.513966480447,0.0223463687151,0.0614525139665,0.0614525139665,0.0614525139665,0.122905027933
2H4_Mowbray,0.144859813084,0.501168224299,0.0864485981308,0.0794392523364,0.0514018691589,0.0315420560748,0.105140186916
2H4_Northumberland,0.144533662755,0.516368128474,0.0741198270537,0.0667078443484,0.0673255095738,0.0339715873996,0.0969734403953
2H4_OFFICERS.Fang,0.138613861386,0.50495049505,0.039603960396,0.0693069306931,0.0792079207921,0.039603960396,0.128712871287
2H4_OFFICERS.Snare,0.114285714286,0.428571428571,0.0,0.0857142857143,0.0857142857143,0.0857142857143,0.2
2H4_Peto,0.131313131313,0.505050505051,0.0606060606061,0.0808080808081,0.131313131313,0.0,0.0909090909091
2H4_Pistol,0.138671875,0.529296875,0.0703125,0.0654296875,0.0791015625,0.0283203125,0.0888671875
2H4_Poins,0.15593220339,0.50395480226,0.0655367231638,0.0553672316384,0.0757062146893,0.0395480225989,0.10395480226
2H4_Porter,0.122448979592,0.510204081633,0.0612244897959,0.0408163265306,0.0612244897959,0.0612244897959,0.142857142857
2H4_SERVANTS.CHIEFJUSTICE.1,0.106666666667,0.54,0.0533333333333,0.06,0.0466666666667,0.0333333333333,0.16
2H4_SERVANTS.FALSTAFF.1,0.162679425837,0.49043062201,0.0478468899522,0.0526315789474,0.0574162679426,0.0526315789474,0.136363636364
2H4_Shadow,0.2,0.5,0.1,0.0,0.0,0.1,0.1
2H4_Shallow,0.151033973412,0.509970457903,0.0491137370753,0.0568685376662,0.0805022156573,0.038035450517,0.11447562777
2H4_Silence,0.190889370933,0.494577006508,0.0455531453362,0.0412147505423,0.0845986984816,0.0238611713666,0.119305856833
2H4_Travers,0.170124481328,0.50622406639,0.0539419087137,0.0331950207469,0.0829875518672,0.0746887966805,0.0788381742739
2H4_Wart,0.0,0.4,0.0,0.0,0.0,0.2,0.4
2H4_Warwick,0.155498281787,0.498281786942,0.0644329896907,0.0549828178694,0.0756013745704,0.0378006872852,0.113402061856
2H4_Westmoreland,0.13298791019,0.49453080023,0.0569948186528,0.0633275762809,0.0616004605642,0.0299366724237,0.160621761658
2H6_Beadle,0.307692307692,0.230769230769,0.0769230769231,0.0769230769231,0.153846153846,0.0,0.153846153846
2H6_Bevis,0.102564102564,0.467948717949,0.0865384615385,0.0865384615385,0.125,0.0448717948718,0.0865384615385
2H6_Bolingbroke,0.178571428571,0.480769230769,0.0521978021978,0.0796703296703,0.0659340659341,0.0412087912088,0.101648351648
2H6_Buckingham,0.137785291631,0.490278951817,0.061707523246,0.0540997464074,0.083685545224,0.0422654268808,0.130177514793
2H6_CITIZENS,0.194444444444,0.388888888889,0.0555555555556,0.0833333333333,0.138888888889,0.0,0.138888888889
2H6_CITIZENS.LONDON.0.1,0.12987012987,0.441558441558,0.12987012987,0.0909090909091,0.0519480519481,0.012987012987,0.142857142857
2H6_CITIZENS.STALBANS.0.1,0.132075471698,0.471698113208,0.0754716981132,0.0754716981132,0.0377358490566,0.0754716981132,0.132075471698
2H6_Cade,0.16133162612,0.486299615877,0.0752880921895,0.0668373879641,0.0660691421255,0.0386683738796,0.105505761844
2H6_CardinalBeaufort,0.149326805386,0.484088127295,0.0660954712362,0.0556915544676,0.0954712362301,0.0336597307222,0.115667074663
2H6_Clerk,0.233333333333,0.4,0.0666666666667,0.0333333333333,0.133333333333,0.0333333333333,0.1
2H6_Clifford,0.143187066975,0.4896073903,0.080831408776,0.0554272517321,0.0623556581986,0.0461893764434,0.122401847575
2H6_Dick,0.134453781513,0.443697478992,0.072268907563,0.0890756302521,0.0974789915966,0.0504201680672,0.112605042017
2H6_DuchessOfGloucester,0.172527472527,0.492307692308,0.078021978022,0.0505494505495,0.078021978022,0.0313186813187,0.0972527472527
2H6_EdwardIV,0.230769230769,0.461538461538,0.0769230769231,0.230769230769,0.0,0.0,0.0
2H6_FOLLOWERS.CADE,0.0944881889764,0.385826771654,0.0708661417323,0.133858267717,0.181102362205,0.0551181102362,0.0787401574803
2H6_FOLLOWERS.CADE.0,0.0977443609023,0.398496240602,0.0676691729323,0.127819548872,0.172932330827,0.0526315789474,0.0827067669173
2H6_GENTLEMEN.1,0.189655172414,0.448275862069,0.0344827586207,0.0689655172414,0.0775862068966,0.0603448275862,0.120689655172
2H6_GENTLEMEN.2,0.111111111111,0.611111111111,0.0,0.0555555555556,0.0,0.0555555555556,0.166666666667
2H6_George,0.114285714286,0.428571428571,0.0428571428571,0.142857142857,0.228571428571,0.0142857142857,0.0285714285714
2H6_Gloucester,0.159252095422,0.49924779712,0.0603911454975,0.0668385987535,0.076724693746,0.0343864173651,0.103159252095
2H6_HERALDS.X.1,0.139534883721,0.53488372093,0.0697674418605,0.046511627907,0.046511627907,0.046511627907,0.116279069767
2H6_HenryVI,0.155573538337,0.496864252478,0.0643334007688,0.0602872749343,0.0825409670241,0.0388428080113,0.101557758446
2H6_Holland,0.15,0.475,0.0916666666667,0.0694444444444,0.0861111111111,0.0388888888889,0.0888888888889
2H6_Horner,0.164556962025,0.490506329114,0.0569620253165,0.0791139240506,0.0791139240506,0.0411392405063,0.0886075949367
2H6_Hume,0.149284253579,0.470347648262,0.0449897750511,0.0695296523517,0.081799591002,0.0368098159509,0.147239263804
2H6_Iden,0.15932642487,0.487046632124,0.0932642487047,0.0531088082902,0.0829015544041,0.029792746114,0.0945595854922
2H6_Jourdain,0.130434782609,0.521739130435,0.108695652174,0.0434782608696,0.0652173913043,0.0434782608696,0.0869565217391
2H6_Lieutenant,0.135107471853,0.483111566018,0.0880245649949,0.0603889457523,0.0829068577277,0.03582395087,0.114636642784
2H6_MESSENGERS.1,0.113989637306,0.554404145078,0.0466321243523,0.0569948186528,0.0725388601036,0.0466321243523,0.108808290155
2H6_MESSENGERS.2,0.0864197530864,0.543209876543,0.0987654320988,0.037037037037,0.0740740740741,0.0246913580247,0.135802469136
2H6_MESSENGERS.Post,0.142857142857,0.43956043956,0.0769230769231,0.0549450549451,0.0879120879121,0.021978021978,0.175824175824
2H6_MESSENGERS.X.1,0.176470588235,0.509803921569,0.0196078431373,0.0,0.0980392156863,0.0392156862745,0.156862745098
2H6_MESSENGERS.X.2,0.140625,0.578125,0.078125,0.046875,0.015625,0.03125,0.109375
2H6_MESSENGERS.X.3,0.158415841584,0.485148514851,0.039603960396,0.0594059405941,0.0891089108911,0.039603960396,0.128712871287
2H6_MURDERERS.0.1,0.147540983607,0.508196721311,0.016393442623,0.0491803278689,0.0983606557377,0.0819672131148,0.0983606557377
2H6_MURDERERS.0.2,0.208333333333,0.541666666667,0.0416666666667,0.0833333333333,0.0,0.0833333333333,0.0416666666667
2H6_Master,0.0,0.611111111111,0.0555555555556,0.0,0.0555555555556,0.0555555555556,0.222222222222
2H6_Mate,0.0588235294118,0.411764705882,0.0,0.117647058824,0.117647058824,0.0,0.294117647059
2H6_MayorOfStAlbans,0.103448275862,0.448275862069,0.0689655172414,0.0689655172414,0.0689655172414,0.0344827586207,0.206896551724
2H6_Michael,0.104838709677,0.395161290323,0.0645161290323,0.145161290323,0.137096774194,0.0483870967742,0.104838709677
2H6_NEIGHBORS.1,0.114285714286,0.428571428571,0.0,0.0857142857143,0.114285714286,0.0571428571429,0.2
2H6_NEIGHBORS.2,0.166666666667,0.333333333333,0.0,0.0833333333333,0.0833333333333,0.166666666667,0.166666666667
2H6_NEIGHBORS.3,0.161290322581,0.451612903226,0.0,0.0645161290323,0.0967741935484,0.0322580645161,0.193548387097
2H6_PETITIONERS,0.25,0.5,0.0,0.0,0.25,0.0,0.0
2H6_PETITIONERS.0.1,0.212121212121,0.478787878788,0.0363636363636,0.0363636363636,0.0969696969697,0.0242424242424,0.115151515152
2H6_PETITIONERS.0.2,0.207317073171,0.426829268293,0.0365853658537,0.0609756097561,0.109756097561,0.0487804878049,0.109756097561
2H6_PRENTICES.1,0.111111111111,0.444444444444,0.0555555555556,0.0555555555556,0.111111111111,0.0555555555556,0.166666666667
2H6_PRENTICES.2,0.16,0.4,0.08,0.16,0.04,0.0,0.16
2H6_QueenMargaret,0.151745379877,0.493223819302,0.0661190965092,0.0642710472279,0.0794661190965,0.0377823408624,0.107392197125
2H6_RichardIII,0.177664974619,0.492385786802,0.0532994923858,0.0558375634518,0.0482233502538,0.0736040609137,0.0989847715736
2H6_SERVANTS.GLOUCESTER.0.1,0.148148148148,0.37037037037,0.037037037037,0.0740740740741,0.0740740740741,0.037037037037,0.259259259259
2H6_SOLDIERS.1,0.0,0.5,0.0,0.0,0.5,0.0,0.0
2H6_Salisbury,0.154471544715,0.485772357724,0.0670731707317,0.0724932249322,0.0738482384824,0.0352303523035,0.111111111111
2H6_Sawyer,0.126984126984,0.396825396825,0.0634920634921,0.0952380952381,0.0634920634921,0.111111111111,0.142857142857
2H6_Saye,0.143617021277,0.49335106383,0.0531914893617,0.0824468085106,0.0757978723404,0.0345744680851,0.117021276596
2H6_Scales,0.128,0.464,0.056,0.072,0.088,0.04,0.152
2H6_Sheriff,0.190476190476,0.555555555556,0.031746031746,0.031746031746,0.047619047619,0.047619047619,0.0952380952381
2H6_Simpcox,0.185185185185,0.575757575758,0.026936026936,0.043771043771,0.0673400673401,0.013468013468,0.0875420875421
2H6_SimpcoxWife,0.166666666667,0.5,0.00980392156863,0.0980392156863,0.0392156862745,0.0686274509804,0.117647058824
2H6_Smith,0.115384615385,0.461538461538,0.0544871794872,0.0961538461538,0.11858974359,0.0608974358974,0.0929487179487
2H6_Somerset,0.141791044776,0.5,0.0572139303483,0.0522388059701,0.0796019900498,0.0422885572139,0.126865671642
2H6_Spirit,0.110236220472,0.574803149606,0.0551181102362,0.0472440944882,0.0472440944882,0.0708661417323,0.0944881889764
2H6_Stafford,0.142857142857,0.473469387755,0.0897959183673,0.069387755102,0.0775510204082,0.0204081632653,0.126530612245
2H6_Stanley,0.126126126126,0.504504504505,0.0540540540541,0.045045045045,0.0810810810811,0.00900900900901,0.18018018018
2H6_Suffolk,0.155013192612,0.50219876869,0.0672823218997,0.0602462620932,0.0747581354442,0.0340809146878,0.106420404573
2H6_Thump,0.188405797101,0.43768115942,0.0666666666667,0.0695652173913,0.0840579710145,0.0434782608696,0.110144927536
2H6_Vaux,0.125,0.539772727273,0.0454545454545,0.0568181818182,0.107954545455,0.0738636363636,0.0511363636364
2H6_Warwick,0.149114631873,0.484622553588,0.0843429636533,0.0722273998136,0.0796831314073,0.0321528424977,0.0978564771668
2H6_Whitmore,0.180555555556,0.493055555556,0.0729166666667,0.0659722222222,0.0486111111111,0.0208333333333,0.118055555556
2H6_WilliamStafford,0.115789473684,0.442105263158,0.105263157895,0.0842105263158,0.115789473684,0.0105263157895,0.126315789474
2H6_York,0.140482128013,0.50174563591,0.065004156276,0.065004156276,0.0791354945968,0.0397339983375,0.10889443059
2H6_YoungClifford,0.131699846861,0.532924961715,0.0735068912711,0.0857580398162,0.0382848392037,0.0290964777948,0.108728943338
3H6_ALDERMEN,0.0909090909091,0.363636363636,0.181818181818,0.181818181818,0.0909090909091,0.0,0.0909090909091
3H6_ATTENDANTS.EDWARD.1,0.108108108108,0.432432432432,0.0,0.027027027027,0.0810810810811,0.027027027027,0.324324324324
3H6_Clarence,0.158506731946,0.481640146879,0.0740514075887,0.0716034271726,0.0691554467564,0.0354957160343,0.109547123623
3H6_Clifford,0.13237343242,0.489549465862,0.0947515095216,0.0692057594055,0.0617742684626,0.0441244774733,0.108221086856
3H6_EdwardIV,0.161053540587,0.494099021301,0.0728267127231,0.0577144502015,0.0706678180771,0.0356937248129,0.107944732297
3H6_Exeter,0.124528301887,0.456603773585,0.0830188679245,0.0528301886792,0.109433962264,0.0490566037736,0.124528301887
3H6_Father,0.165,0.49,0.09,0.09,0.0325,0.0425,0.09
3H6_GAMEKEEPERS.1,0.166666666667,0.5,0.0833333333333,0.0416666666667,0.0909090909091,0.0227272727273,0.094696969697
3H6_GAMEKEEPERS.2,0.162995594714,0.47577092511,0.0660792951542,0.0308370044053,0.123348017621,0.0440528634361,0.0969162995595
3H6_Hastings,0.171830985915,0.523943661972,0.0591549295775,0.0647887323944,0.0647887323944,0.0281690140845,0.087323943662
3H6_HenryVI,0.161596623879,0.488834183225,0.0717425707755,0.0633022683313,0.0713908915069,0.0327061719712,0.110427290311
3H6_Huntsman,0.193548387097,0.451612903226,0.129032258065,0.0322580645161,0.0645161290323,0.0322580645161,0.0967741935484
3H6_JohnMortimer,0.117647058824,0.588235294118,0.0588235294118,0.0588235294118,0.0,0.0588235294118,0.117647058824
3H6_KingLewis,0.167778836988,0.485224022879,0.0705433746425,0.0610104861773,0.0781696854147,0.0181124880839,0.119161105815
3H6_LadyBona,0.164383561644,0.431506849315,0.0547945205479,0.0342465753425,0.0821917808219,0.0616438356164,0.171232876712
3H6_Lieutenant,0.204081632653,0.387755102041,0.0612244897959,0.102040816327,0.0612244897959,0.0204081632653,0.163265306122
3H6_MESSENGERS.1,0.230769230769,0.461538461538,0.0769230769231,0.0,0.0769230769231,0.0,0.153846153846
3H6_MESSENGERS.2,0.333333333333,0.333333333333,0.222222222222,0.0,0.0,0.0,0.111111111111
3H6_MESSENGERS.Post,0.15625,0.477083333333,0.0541666666667,0.0520833333333,0.0583333333333,0.05,0.152083333333
3H6_MESSENGERS.X.1,0.108108108108,0.5,0.0945945945946,0.0405405405405,0.027027027027,0.0405405405405,0.189189189189
3H6_MESSENGERS.X.2,0.123563218391,0.505747126437,0.0775862068966,0.066091954023,0.0862068965517,0.0459770114943,0.0948275862069
3H6_MESSENGERS.X.3,0.176470588235,0.392156862745,0.0588235294118,0.078431372549,0.156862745098,0.0196078431373,0.117647058824
3H6_MESSENGERS.X.4,0.170212765957,0.414893617021,0.0744680851064,0.063829787234,0.117021276596,0.031914893617,0.127659574468
3H6_MESSENGERS.X.5,0.121212121212,0.454545454545,0.030303030303,0.0909090909091,0.0,0.030303030303,0.272727272727
3H6_MayorOfYork,0.105882352941,0.482352941176,0.0588235294118,0.105882352941,0.0705882352941,0.0117647058824,0.164705882353
3H6_Montague,0.149193548387,0.516129032258,0.0685483870968,0.0685483870968,0.0645161290323,0.0322580645161,0.100806451613
3H6_Montgomery,0.161434977578,0.484304932735,0.0269058295964,0.0807174887892,0.112107623318,0.0269058295964,0.107623318386
3H6_Norfolk,0.0869565217391,0.54347826087,0.0652173913043,0.130434782609,0.0434782608696,0.0652173913043,0.0652173913043
3H6_Northumberland,0.168888888889,0.48,0.0666666666667,0.0577777777778,0.0666666666667,0.0577777777778,0.102222222222
3H6_Oxford,0.161061946903,0.493805309735,0.0778761061947,0.0637168141593,0.0530973451327,0.0407079646018,0.109734513274
3H6_PrinceEdward,0.137829912023,0.483870967742,0.0689149560117,0.0689149560117,0.0733137829912,0.0395894428152,0.127565982405
3H6_QueenElizabeth,0.159052453469,0.498307952623,0.0575296108291,0.0617597292724,0.0617597292724,0.0219966159052,0.139593908629
3H6_QueenMargaret,0.148371262829,0.497991967871,0.0720660419456,0.0600178491745,0.0684962070504,0.0352521195895,0.117804551539
3H6_RichardIII,0.147880539499,0.485549132948,0.0775529865125,0.0634232498394,0.0761078998073,0.0370905587669,0.112395632627
3H6_Rivers,0.241379310345,0.448275862069,0.0603448275862,0.051724137931,0.0775862068966,0.00862068965517,0.112068965517
3H6_Rutland,0.173134328358,0.513432835821,0.065671641791,0.0626865671642,0.0776119402985,0.0417910447761,0.065671641791
3H6_SOLDIERS.MONTGOMERY,0.0909090909091,0.363636363636,0.181818181818,0.181818181818,0.0909090909091,0.0,0.0909090909091
3H6_SOLDIERS.YORK,0.0909090909091,0.363636363636,0.181818181818,0.181818181818,0.0909090909091,0.0,0.0909090909091
3H6_SOLDIERS.YORK.0.1,0.06,0.46,0.1,0.14,0.14,0.0,0.1
3H6_Somerset,0.181488203267,0.464609800363,0.0526315789474,0.0671506352087,0.0689655172414,0.0508166969147,0.114337568058
3H6_Somerville,0.149425287356,0.448275862069,0.0574712643678,0.0344827586207,0.0574712643678,0.103448275862,0.149425287356
3H6_Son,0.193732193732,0.450142450142,0.0854700854701,0.0911680911681,0.048433048433,0.0512820512821,0.0797720797721
3H6_Tutor,0.2,0.56,0.06,0.04,0.06,0.04,0.04
3H6_WATCHMEN.1,0.146341463415,0.528455284553,0.0487804878049,0.0406504065041,0.0894308943089,0.0731707317073,0.0731707317073
3H6_WATCHMEN.2,0.195402298851,0.505747126437,0.0459770114943,0.0459770114943,0.0344827586207,0.0344827586207,0.137931034483
3H6_WATCHMEN.3,0.19014084507,0.535211267606,0.056338028169,0.0422535211268,0.0845070422535,0.0633802816901,0.0281690140845
3H6_Warwick,0.144534526139,0.496086105675,0.0647190383003,0.0651383841208,0.0782778864971,0.0381604696673,0.1130835896
3H6_Westmorland,0.109826589595,0.508670520231,0.0693641618497,0.0867052023121,0.0924855491329,0.0404624277457,0.0924855491329
3H6_York,0.16212177811,0.490474411655,0.0791931266343,0.0620097123646,0.0646245797535,0.030257751214,0.111318640269
AWW_ATTENDANTS.KING.0.1,0.169230769231,0.523076923077,0.0153846153846,0.0461538461538,0.0615384615385,0.0153846153846,0.169230769231
AWW_ATTENDANTS.KING.0.2,0.0769230769231,0.538461538462,0.0576923076923,0.0576923076923,0.0769230769231,0.0192307692308,0.173076923077
AWW_Bertram,0.161052631579,0.488684210526,0.0536842105263,0.0657894736842,0.0665789473684,0.0423684210526,0.121842105263
AWW_Countess,0.151191658391,0.497517378352,0.0657894736842,0.0672790466733,0.0571002979146,0.045183714002,0.115938430983
AWW_Diana,0.174246575342,0.485479452055,0.0586301369863,0.0597260273973,0.0575342465753,0.0487671232877,0.115616438356
AWW_Duke,0.16091954023,0.471264367816,0.0727969348659,0.0766283524904,0.0383141762452,0.0344827586207,0.145593869732
AWW_Epilogue,0.148514851485,0.564356435644,0.0594059405941,0.00990099009901,0.0792079207921,0.019801980198,0.118811881188
AWW_Fool,0.153925977171,0.484953303355,0.0622621930128,0.0781736423383,0.0709097198201,0.0359737115185,0.113801452785
AWW_GENTLEMEN.1,0.170731707317,0.569105691057,0.0406504065041,0.0731707317073,0.0487804878049,0.0813008130081,0.0162601626016
AWW_GENTLEMEN.2,0.189189189189,0.5,0.0540540540541,0.0743243243243,0.0675675675676,0.0337837837838,0.0810810810811
AWW_GENTLEMEN.3,0.135245901639,0.454918032787,0.0532786885246,0.0819672131148,0.0614754098361,0.0696721311475,0.143442622951
AWW_Helen,0.166496424923,0.494236100978,0.0570553042463,0.0684371807967,0.0617247920619,0.0391069604553,0.112943236539
AWW_King,0.153046062407,0.49572808321,0.0711367013373,0.0715081723626,0.0633358098068,0.0401188707281,0.105126300149
AWW_LORDS.COURT.1,0.0384615384615,0.576923076923,0.0384615384615,0.0769230769231,0.115384615385,0.0384615384615,0.115384615385
AWW_LORDS.COURT.2,0.111111111111,0.518518518519,0.037037037037,0.111111111111,0.0740740740741,0.037037037037,0.111111111111
AWW_LORDS.COURT.3,0.0526315789474,0.526315789474,0.0526315789474,0.105263157895,0.105263157895,0.0526315789474,0.105263157895
AWW_LORDS.COURT.4,0.0689655172414,0.48275862069,0.0689655172414,0.103448275862,0.137931034483,0.0344827586207,0.103448275862
AWW_LORDS.DUMAINE.1,0.159112370161,0.487724268178,0.0547686496695,0.0703493862134,0.0703493862134,0.0561850802644,0.101510859301
AWW_LORDS.DUMAINE.2,0.139592340951,0.488573193329,0.0518838789376,0.0747374922792,0.0660901791229,0.0704138357011,0.108709079679
AWW_Lafew,0.147589616811,0.492707045735,0.0719406674907,0.0687268232386,0.0674907292954,0.0430160692213,0.108529048208
AWW_Mariana,0.116923076923,0.516923076923,0.107692307692,0.0615384615385,0.0676923076923,0.0338461538462,0.0953846153846
AWW_Page,0.153846153846,0.384615384615,0.0,0.0769230769231,0.0769230769231,0.0,0.307692307692
AWW_Parolles,0.159707351892,0.51266952177,0.057994289793,0.0670949321913,0.0603140613847,0.0344396859386,0.107780157031
AWW_SOLDIERS,0.117647058824,0.0,0.0,0.0,0.529411764706,0.0,0.352941176471
AWW_SOLDIERS.0.1,0.185185185185,0.222222222222,0.0,0.0,0.37037037037,0.0,0.222222222222
AWW_SOLDIERS.Interpreter,0.153988868275,0.486085343228,0.0677179962894,0.0658627087199,0.0602968460111,0.038961038961,0.127087198516
AWW_Servant,0.0967741935484,0.41935483871,0.0967741935484,0.0967741935484,0.112903225806,0.112903225806,0.0645161290323
AWW_Steward,0.170028818444,0.492795389049,0.0518731988473,0.0850144092219,0.0533141210375,0.0461095100865,0.100864553314
AWW_Widow,0.164268585132,0.465227817746,0.0611510791367,0.0515587529976,0.068345323741,0.0503597122302,0.139088729017
AYL_Adam,0.155532359081,0.498956158664,0.0563674321503,0.0678496868476,0.0542797494781,0.0365344467641,0.130480167015
AYL_Audrey,0.154761904762,0.531746031746,0.0753968253968,0.047619047619,0.0674603174603,0.0357142857143,0.0873015873016
AYL_Celia,0.150356778797,0.490316004077,0.0736493374108,0.0698267074414,0.0637104994903,0.0400101936799,0.112130479103
AYL_Charles,0.127423822715,0.469529085873,0.0720221606648,0.0678670360111,0.0858725761773,0.0526315789474,0.124653739612
AYL_Corin,0.136450381679,0.49713740458,0.0667938931298,0.0658396946565,0.0715648854962,0.0333969465649,0.128816793893
AYL_Dennis,0.107142857143,0.464285714286,0.0357142857143,0.0,0.0714285714286,0.0714285714286,0.25
AYL_DukeFrederick,0.151484135107,0.512794268168,0.0890481064483,0.0542476970317,0.0552712384852,0.0388945752303,0.0982599795292
AYL_DukeSenior,0.146896127843,0.516902274124,0.0682237246466,0.0694529809465,0.060233558697,0.0331899200983,0.105101413645
AYL_Hymen,0.121527777778,0.465277777778,0.0798611111111,0.0520833333333,0.0625,0.0763888888889,0.142361111111
AYL_Jaques,0.152220520674,0.501684532925,0.0664624808576,0.0676875957121,0.0777947932619,0.0358346094946,0.098315467075
AYL_LORDS.FREDERICK.0.1,0.105263157895,0.526315789474,0.105263157895,0.0701754385965,0.0350877192982,0.0877192982456,0.0701754385965
AYL_LORDS.FREDERICK.0.2,0.115107913669,0.517985611511,0.0791366906475,0.0503597122302,0.0719424460432,0.0143884892086,0.151079136691
AYL_LORDS.FREDERICK.LeBeau,0.128943758573,0.486968449931,0.082304526749,0.0644718792867,0.0617283950617,0.0493827160494,0.126200274348
AYL_LORDS.SENIOR,0.162162162162,0.432432432432,0.0945945945946,0.0540540540541,0.0810810810811,0.108108108108,0.0675675675676
AYL_LORDS.SENIOR.0.1,0.139082058414,0.504867872045,0.0751043115438,0.0542420027816,0.0737134909597,0.0514603616134,0.101529902643
AYL_LORDS.SENIOR.0.2,0.163120567376,0.439716312057,0.0851063829787,0.0354609929078,0.0921985815603,0.0992907801418,0.0851063829787
AYL_LORDS.SENIOR.Amiens,0.147058823529,0.501838235294,0.0882352941176,0.0477941176471,0.0827205882353,0.0404411764706,0.0919117647059
AYL_Oliver,0.158836689038,0.506935123043,0.0644295302013,0.0568232662192,0.0626398210291,0.0447427293065,0.105592841163
AYL_OliverMartext,0.147540983607,0.459016393443,0.0655737704918,0.114754098361,0.0655737704918,0.016393442623,0.131147540984
AYL_Orlando,0.168804397618,0.47503435639,0.0744388456253,0.0652771415483,0.0652771415483,0.0322950068713,0.118873110399
AYL_Phoebe,0.175496688742,0.485099337748,0.0852649006623,0.0554635761589,0.0513245033113,0.0430463576159,0.104304635762
AYL_Rosalind,0.159797330215,0.481438175972,0.0623599337426,0.0708369872357,0.0639189320861,0.0385852090032,0.123063431745
AYL_SERVANTS.1,0.167095115681,0.473007712082,0.0694087403599,0.0488431876607,0.107969151671,0.0411311053985,0.0925449871465
AYL_SERVANTS.2,0.15652173913,0.463768115942,0.0811594202899,0.0579710144928,0.107246376812,0.0434782608696,0.0898550724638
AYL_SecondBrother,0.156133828996,0.475836431227,0.0817843866171,0.0557620817844,0.0706319702602,0.0557620817844,0.104089219331
AYL_Silvius,0.153039832285,0.497903563941,0.0670859538784,0.0964360587002,0.0545073375262,0.0303983228512,0.100628930818
AYL_Touchstone,0.160834298957,0.502896871379,0.0688296639629,0.0632676709154,0.0665121668598,0.0301274623407,0.107531865585
AYL_William,0.117647058824,0.549019607843,0.0196078431373,0.0196078431373,0.117647058824,0.0392156862745,0.137254901961
Ado_ATTENDANTS.0.1,0.166666666667,0.666666666667,0.0,0.0,0.0,0.0,0.166666666667
Ado_Antonio,0.2,0.6,0.0,0.04,0.04,0.04,0.08
Ado_Balthasar,0.156923076923,0.547692307692,0.0584615384615,0.0584615384615,0.0769230769231,0.0276923076923,0.0738461538462
Ado_Beatrice,0.155312717973,0.503836317136,0.05719600093,0.0602185538247,0.0723087654034,0.0474308300395,0.103696814694
Ado_Benedick,0.162398223538,0.486010362694,0.0624722427831,0.0638045891932,0.0717986676536,0.0414507772021,0.112065136936
Ado_Borachio,0.155451225874,0.504434011476,0.0699008868023,0.0511215440793,0.0599895670318,0.0448617631716,0.114241001565
Ado_Boy,0.142857142857,0.428571428571,0.0,0.0,0.0,0.142857142857,0.285714285714
Ado_Claudio,0.15668824164,0.493527508091,0.0609492988134,0.0649946062567,0.0542071197411,0.052049622438,0.11758360302
Ado_Conrade,0.145933014354,0.468899521531,0.0909090909091,0.0598086124402,0.0358851674641,0.0263157894737,0.172248803828
Ado_Dogberry,0.168974085907,0.4898828541,0.0660276890309,0.0582179623713,0.0663826766063,0.0283990060348,0.12211572595
Ado_DonJohn,0.176799007444,0.476426799007,0.0614143920596,0.0614143920596,0.067617866005,0.0409429280397,0.115384615385
Ado_DonPedro,0.154421469424,0.490761108667,0.068191816982,0.0589529256489,0.0633523977123,0.0538935327761,0.11042674879
Ado_FriarFrancis,0.13610888711,0.543634907926,0.0520416333066,0.0608486789432,0.0520416333066,0.0368294635709,0.118494795837
Ado_Hero,0.165086447295,0.504740658115,0.0652537646403,0.0607919687674,0.0758505298383,0.0334634690463,0.0948131622978
Ado_Leonato,0.157894736842,0.482490272374,0.0663526520582,0.0663526520582,0.0612328486586,0.0428015564202,0.122875281589
Ado_LeonatosBrother,0.159303882195,0.538152610442,0.0548862115127,0.0655957161981,0.0615796519411,0.0294511378849,0.091030789826
Ado_MESSENGERS.DONPEDRO.1,0.235294117647,0.470588235294,0.0588235294118,0.0294117647059,0.0294117647059,0.0,0.176470588235
Ado_MESSENGERS.LEONATO.1,0.147783251232,0.534482758621,0.0541871921182,0.0738916256158,0.0394088669951,0.0541871921182,0.0960591133005
Ado_MUSICIANS,0.103092783505,0.515463917526,0.0824742268041,0.0927835051546,0.0515463917526,0.0618556701031,0.0927835051546
